null
0.000000 -0.038570
2.000000 -0.000779
4.000000 -0.000003
6.000000 0.000368
8.000000 0.000514
10.000000 0.000531
12.000000 0.000474
14.000000 0.000376
16.000000 0.000259
18.000000 0.000132
20.000000 0.000004
22.000000 -0.000122
24.000000 -0.000242
26.000000 -0.000356
28.000000 -0.000462
30.000000 -0.000561
32.000000 -0.000651
34.000000 -0.000734
36.000000 -0.000810
38.000000 -0.000879
40.000000 -0.000941
42.000000 -0.000997
44.000000 -0.001047
46.000000 -0.001093
48.000000 -0.001134
50.000000 -0.001171
52.000000 -0.001203
54.000000 -0.001233
56.000000 -0.001259
58.000000 -0.001282
60.000000 -0.001303
62.000000 -0.001321
64.000000 -0.001338
66.000000 -0.001353
68.000000 -0.001366
70.000000 -0.001377
72.000000 -0.001387
74.000000 -0.001396
76.000000 -0.001405
78.000000 -0.001412
80.000000 -0.001418
82.000000 -0.001424
84.000000 -0.001429
86.000000 -0.001433
88.000000 -0.001437
90.000000 -0.001440
92.000000 -0.001443
94.000000 -0.001446
96.000000 -0.001448
98.000000 -0.001450
100.000000 -0.001452
102.000000 -0.001454
104.000000 -0.001455
106.000000 -0.001456
108.000000 -0.001457
110.000000 -0.001458
112.000000 -0.001459
114.000000 -0.001459
116.000000 -0.001460
118.000000 -0.001460
120.000000 -0.001461
122.000000 -0.001461
124.000000 -0.001461
126.000000 -0.001462
128.000000 -0.001462
130.000000 -0.001462
132.000000 -0.001462
134.000000 -0.001462
136.000000 -0.001462
138.000000 -0.001463
140.000000 -0.001463
142.000000 -0.001462
144.000000 -0.001462
146.000000 -0.001462
148.000000 -0.001462
150.000000 -0.001462
152.000000 -0.001462
154.000000 -0.001462
156.000000 -0.001462
158.000000 -0.001462
160.000000 -0.001462
162.000000 -0.001462
164.000000 -0.001462
166.000000 -0.001461
168.000000 -0.001461
170.000000 -0.001461
172.000000 -0.001461
174.000000 -0.001461
176.000000 -0.001461
178.000000 -0.001461
180.000000 -0.001461
182.000000 -0.001461
184.000000 -0.001460
186.000000 -0.001460
188.000000 -0.001460
190.000000 -0.001460
192.000000 -0.001460
194.000000 -0.001460
196.000000 -0.001459
198.000000 -0.001459
200.000000 -0.001459
202.000000 -0.001459
204.000000 -0.001459
206.000000 -0.001459
208.000000 -0.001459
210.000000 -0.001458
212.000000 -0.001458
214.000000 -0.001458
216.000000 -0.001458
218.000000 -0.001458
220.000000 -0.001458
222.000000 -0.001458
224.000000 -0.001457
226.000000 -0.001457
228.000000 -0.001457
230.000000 -0.001457
232.000000 -0.001457
234.000000 -0.001457
236.000000 -0.001457
238.000000 -0.001456
240.000000 -0.001456
242.000000 -0.001456
244.000000 -0.001456
246.000000 -0.001456
248.000000 -0.001456
250.000000 -0.001456
252.000000 -0.001455
254.000000 -0.001455
256.000000 -0.001455
258.000000 -0.001455
260.000000 -0.001455
262.000000 -0.001455
264.000000 -0.001454
266.000000 -0.001454
268.000000 -0.001454
270.000000 -0.001454
272.000000 -0.001454
274.000000 -0.001454
276.000000 -0.001454
278.000000 -0.001453
280.000000 -0.001453
282.000000 -0.001453
284.000000 -0.001453
286.000000 -0.001453
288.000000 -0.001453
290.000000 -0.001453
292.000000 -0.001452
294.000000 -0.001452
296.000000 -0.001452
298.000000 -0.001452
300.000000 -0.001452
302.000000 -0.001140
304.000000 0.000040
306.000000 0.002502
308.000000 0.006512
310.000000 0.012188
312.000000 0.019504
314.000000 0.028302
316.000000 0.038318
318.000000 0.049202
320.000000 0.060546
322.000000 0.071917
324.000000 0.082885
326.000000 0.093051
328.000000 0.102063
330.000000 0.109642
332.000000 0.115585
334.000000 0.119771
336.000000 0.122164
338.000000 0.122801
340.000000 0.121785
342.000000 0.119272
344.000000 0.115458
346.000000 0.110562
348.000000 0.104815
350.000000 0.098446
352.000000 0.091676
354.000000 0.084705
356.000000 0.077712
358.000000 0.070845
360.000000 0.064229
362.000000 0.057959
364.000000 0.052105
366.000000 0.046713
368.000000 0.041809
370.000000 0.037404
372.000000 0.033494
374.000000 0.030063
376.000000 0.027090
378.000000 0.024548
380.000000 0.022404
382.000000 0.020627
384.000000 0.019183
386.000000 0.018039
388.000000 0.017162
390.000000 0.016522
392.000000 0.016091
394.000000 0.015841
396.000000 0.015748
398.000000 0.015789
400.000000 0.015942
402.000000 0.016190
404.000000 0.016515
406.000000 0.016902
408.000000 0.017336
410.000000 0.017807
412.000000 0.018303
414.000000 0.018815
416.000000 0.019335
418.000000 0.019856
420.000000 0.020372
422.000000 0.020878
424.000000 0.021370
426.000000 0.021845
428.000000 0.022301
430.000000 0.022735
432.000000 0.023146
434.000000 0.023533
436.000000 0.023897
438.000000 0.024236
440.000000 0.024551
442.000000 0.024842
444.000000 0.025111
446.000000 0.025358
448.000000 0.025584
450.000000 0.025791
452.000000 0.025978
454.000000 0.026148
456.000000 0.026302
458.000000 0.026440
460.000000 0.026564
462.000000 0.026675
464.000000 0.026775
466.000000 0.026864
468.000000 0.026943
470.000000 0.027012
472.000000 0.027074
474.000000 0.027129
476.000000 0.027177
478.000000 0.027219
480.000000 0.027255
482.000000 0.027288
484.000000 0.027315
486.000000 0.027340
488.000000 0.027361
490.000000 0.027379
492.000000 0.027394
494.000000 0.027407
496.000000 0.027418
498.000000 0.027428
500.000000 0.027437
502.000000 0.027444
504.000000 0.027450
506.000000 0.027455
508.000000 0.027458
510.000000 0.027461
512.000000 0.027463
514.000000 0.027464
516.000000 0.027465
518.000000 0.027465
520.000000 0.027465
522.000000 0.027464
524.000000 0.027464
526.000000 0.027463
528.000000 0.027461
530.000000 0.027460
532.000000 0.027458
534.000000 0.027456
536.000000 0.027455
538.000000 0.027453
540.000000 0.027451
542.000000 0.027448
544.000000 0.027446
546.000000 0.027444
548.000000 0.027441
550.000000 0.027439
552.000000 0.027125
554.000000 0.025943
556.000000 0.023478
558.000000 0.019465
560.000000 0.013787
562.000000 0.006469
564.000000 -0.002332
566.000000 -0.012351
568.000000 -0.023237
570.000000 -0.034583
572.000000 -0.045957
574.000000 -0.056928
576.000000 -0.067096
578.000000 -0.076111
580.000000 -0.083692
582.000000 -0.089637
584.000000 -0.093826
586.000000 -0.096222
588.000000 -0.096861
590.000000 -0.095848
592.000000 -0.093337
594.000000 -0.089526
596.000000 -0.084632
598.000000 -0.078888
600.000000 -0.072522
602.000000 -0.065754
604.000000 -0.058786
606.000000 -0.051795
608.000000 -0.044931
610.000000 -0.038318
612.000000 -0.032050
614.000000 -0.026199
616.000000 -0.020809
618.000000 -0.015908
620.000000 -0.011505
622.000000 -0.007597
624.000000 -0.004169
626.000000 -0.001199
628.000000 0.001341
630.000000 0.003481
632.000000 0.005256
634.000000 0.006697
636.000000 0.007839
638.000000 0.008713
640.000000 0.009350
642.000000 0.009779
644.000000 0.010027
646.000000 0.010117
648.000000 0.010074
650.000000 0.009918
652.000000 0.009667
654.000000 0.009340
656.000000 0.008951
658.000000 0.008513
660.000000 0.008040
662.000000 0.007541
664.000000 0.007027
666.000000 0.006504
668.000000 0.005981
670.000000 0.005462
672.000000 0.004953
674.000000 0.004459
676.000000 0.003981
678.000000 0.003523
680.000000 0.003086
682.000000 0.002673
684.000000 0.002283
686.000000 0.001917
688.000000 0.001575
690.000000 0.001257
692.000000 0.000963
694.000000 0.000692
696.000000 0.000442
698.000000 0.000214
700.000000 0.000005
702.000000 -0.000185
704.000000 -0.000358
706.000000 -0.000514
708.000000 -0.000655
710.000000 -0.000782
712.000000 -0.000896
714.000000 -0.000998
716.000000 -0.001089
718.000000 -0.001170
720.000000 -0.001243
722.000000 -0.001307
724.000000 -0.001364
726.000000 -0.001415
728.000000 -0.001459
730.000000 -0.001499
732.000000 -0.001533
734.000000 -0.001564
736.000000 -0.001591
738.000000 -0.001614
740.000000 -0.001635
742.000000 -0.001653
744.000000 -0.001669
746.000000 -0.001682
748.000000 -0.001695
750.000000 -0.001706
752.000000 -0.001716
754.000000 -0.001724
756.000000 -0.001731
758.000000 -0.001737
760.000000 -0.001743
762.000000 -0.001747
764.000000 -0.001751
766.000000 -0.001754
768.000000 -0.001757
770.000000 -0.001760
772.000000 -0.001762
774.000000 -0.001763
776.000000 -0.001765
778.000000 -0.001766
780.000000 -0.001767
782.000000 -0.001768
784.000000 -0.001769
786.000000 -0.001770
788.000000 -0.001770
790.000000 -0.001771
792.000000 -0.001771
794.000000 -0.001771
796.000000 -0.001772
798.000000 -0.001772
800.000000 -0.001772
802.000000 -0.001772
804.000000 -0.001772
806.000000 -0.001772
808.000000 -0.001772
810.000000 -0.001772
812.000000 -0.001772
814.000000 -0.001772
816.000000 -0.001772
818.000000 -0.001772
820.000000 -0.001772
822.000000 -0.001772
824.000000 -0.001772
826.000000 -0.001772
828.000000 -0.001772
830.000000 -0.001772
832.000000 -0.001771
834.000000 -0.001771
836.000000 -0.001771
838.000000 -0.001771
840.000000 -0.001771
842.000000 -0.001771
844.000000 -0.001770
846.000000 -0.001770
848.000000 -0.001770
850.000000 -0.001770
852.000000 -0.001770
854.000000 -0.001770
856.000000 -0.001769
858.000000 -0.001769
860.000000 -0.001769
862.000000 -0.001769
864.000000 -0.001769
866.000000 -0.001769
868.000000 -0.001769
870.000000 -0.001768
872.000000 -0.001768
874.000000 -0.001768
876.000000 -0.001768
878.000000 -0.001768
880.000000 -0.001768
882.000000 -0.001767
884.000000 -0.001767
886.000000 -0.001767
888.000000 -0.001767
890.000000 -0.001767
892.000000 -0.001766
894.000000 -0.001766
896.000000 -0.001766
898.000000 -0.001766
900.000000 -0.001766
902.000000 -0.001765
904.000000 -0.001765
906.000000 -0.001765
908.000000 -0.001765
910.000000 -0.001765
912.000000 -0.001765
914.000000 -0.001764
916.000000 -0.001764
918.000000 -0.001764
920.000000 -0.001764
922.000000 -0.001764
924.000000 -0.001764
926.000000 -0.001763
928.000000 -0.001763
930.000000 -0.001763
932.000000 -0.001763
934.000000 -0.001763
936.000000 -0.001762
938.000000 -0.001762
940.000000 -0.001762
942.000000 -0.001762
944.000000 -0.001762
946.000000 -0.001762
948.000000 -0.001761
950.000000 -0.001761
952.000000 -0.001761
954.000000 -0.001761
956.000000 -0.001761
958.000000 -0.001760
960.000000 -0.001760
962.000000 -0.001760
964.000000 -0.001760
966.000000 -0.001760
968.000000 -0.001760
970.000000 -0.001760
972.000000 -0.001759
974.000000 -0.001759
976.000000 -0.001759
978.000000 -0.001759
980.000000 -0.001759
982.000000 -0.001758
984.000000 -0.001758
986.000000 -0.001758
988.000000 -0.001758
990.000000 -0.001758
992.000000 -0.001757
994.000000 -0.001757
996.000000 -0.001757
998.000000 -0.001757
1000.000000 -0.001757
1002.000000 -0.001757
1004.000000 -0.001756
1006.000000 -0.001756
1008.000000 -0.001756
1010.000000 -0.001756
1012.000000 -0.001756
1014.000000 -0.001756
1016.000000 -0.001755
1018.000000 -0.001755
1020.000000 -0.001755
1022.000000 -0.001755
