cone=1
0.000000 -0.024965
2.000000 -0.003658
4.000000 -0.002538
6.000000 -0.001759
8.000000 -0.001204
10.000000 -0.000806
12.000000 -0.000518
14.000000 -0.000312
16.000000 -0.000166
18.000000 -0.000065
20.000000 0.000004
22.000000 0.000047
24.000000 0.000071
26.000000 0.000081
28.000000 0.000082
30.000000 0.000075
32.000000 0.000063
34.000000 0.000048
36.000000 0.000031
38.000000 0.000012
40.000000 -0.000006
42.000000 -0.000025
44.000000 -0.000043
46.000000 -0.000060
48.000000 -0.000076
50.000000 -0.000092
52.000000 -0.000106
54.000000 -0.000119
56.000000 -0.000131
58.000000 -0.000142
60.000000 -0.000153
62.000000 -0.000162
64.000000 -0.000170
66.000000 -0.000178
68.000000 -0.000185
70.000000 -0.000191
72.000000 -0.000196
74.000000 -0.000201
76.000000 -0.000206
78.000000 -0.000209
80.000000 -0.000213
82.000000 -0.000216
84.000000 -0.000219
86.000000 -0.000222
88.000000 -0.000224
90.000000 -0.000226
92.000000 -0.000227
94.000000 -0.000229
96.000000 -0.000230
98.000000 -0.000232
100.000000 -0.000233
102.000000 -0.000234
104.000000 -0.000235
106.000000 -0.000235
108.000000 -0.000236
110.000000 -0.000236
112.000000 -0.000237
114.000000 -0.000237
116.000000 -0.000238
118.000000 -0.000238
120.000000 -0.000239
122.000000 -0.000239
124.000000 -0.000239
126.000000 -0.000239
128.000000 -0.000239
130.000000 -0.000239
132.000000 -0.000240
134.000000 -0.000240
136.000000 -0.000240
138.000000 -0.000240
140.000000 -0.000240
142.000000 -0.000240
144.000000 -0.000240
146.000000 -0.000240
148.000000 -0.000240
150.000000 -0.000240
152.000000 -0.000240
154.000000 -0.000240
156.000000 -0.000240
158.000000 -0.000240
160.000000 -0.000240
162.000000 -0.000240
164.000000 -0.000240
166.000000 -0.000240
168.000000 -0.000240
170.000000 -0.000240
172.000000 -0.000240
174.000000 -0.000240
176.000000 -0.000240
178.000000 -0.000240
180.000000 -0.000240
182.000000 -0.000240
184.000000 -0.000240
186.000000 -0.000240
188.000000 -0.000240
190.000000 -0.000240
192.000000 -0.000240
194.000000 -0.000240
196.000000 -0.000240
198.000000 -0.000240
200.000000 -0.000240
202.000000 -0.000240
204.000000 -0.000240
206.000000 -0.000240
208.000000 -0.000240
210.000000 -0.000240
212.000000 -0.000240
214.000000 -0.000240
216.000000 -0.000240
218.000000 -0.000240
220.000000 -0.000240
222.000000 -0.000240
224.000000 -0.000240
226.000000 -0.000240
228.000000 -0.000239
230.000000 -0.000239
232.000000 -0.000239
234.000000 -0.000239
236.000000 -0.000239
238.000000 -0.000239
240.000000 -0.000239
242.000000 -0.000239
244.000000 -0.000239
246.000000 -0.000239
248.000000 -0.000239
250.000000 -0.000239
252.000000 -0.000252
254.000000 -0.000308
256.000000 -0.000445
258.000000 -0.000707
260.000000 -0.001134
262.000000 -0.001763
264.000000 -0.002625
266.000000 -0.003737
268.000000 -0.005107
270.000000 -0.006729
272.000000 -0.008588
274.000000 -0.010654
276.000000 -0.012891
278.000000 -0.015253
280.000000 -0.017691
282.000000 -0.020153
284.000000 -0.022589
286.000000 -0.024950
288.000000 -0.027190
290.000000 -0.029273
292.000000 -0.031167
294.000000 -0.032848
296.000000 -0.034300
298.000000 -0.035513
300.000000 -0.036487
302.000000 -0.037224
304.000000 -0.037735
306.000000 -0.038031
308.000000 -0.038131
310.000000 -0.038051
312.000000 -0.037812
314.000000 -0.037435
316.000000 -0.036939
318.000000 -0.036344
320.000000 -0.035670
322.000000 -0.034933
324.000000 -0.034149
326.000000 -0.033333
328.000000 -0.032497
330.000000 -0.031652
332.000000 -0.030810
334.000000 -0.029976
336.000000 -0.029159
338.000000 -0.028364
340.000000 -0.027596
342.000000 -0.026858
344.000000 -0.026153
346.000000 -0.025483
348.000000 -0.024850
350.000000 -0.024253
352.000000 -0.023693
354.000000 -0.023171
356.000000 -0.022684
358.000000 -0.022233
360.000000 -0.021816
362.000000 -0.021433
364.000000 -0.021080
366.000000 -0.020758
368.000000 -0.020464
370.000000 -0.020197
372.000000 -0.019954
374.000000 -0.019735
376.000000 -0.019538
378.000000 -0.019360
380.000000 -0.019201
382.000000 -0.019059
384.000000 -0.018932
386.000000 -0.018819
388.000000 -0.018719
390.000000 -0.018630
392.000000 -0.018552
394.000000 -0.018483
396.000000 -0.018422
398.000000 -0.018369
400.000000 -0.018323
402.000000 -0.018282
404.000000 -0.018247
406.000000 -0.018216
408.000000 -0.018189
410.000000 -0.018166
412.000000 -0.018146
414.000000 -0.018128
416.000000 -0.018113
418.000000 -0.018100
420.000000 -0.018089
422.000000 -0.018079
424.000000 -0.018070
426.000000 -0.018063
428.000000 -0.018056
430.000000 -0.018050
432.000000 -0.018045
434.000000 -0.018041
436.000000 -0.018037
438.000000 -0.018033
440.000000 -0.018030
442.000000 -0.018027
444.000000 -0.018024
446.000000 -0.018022
448.000000 -0.018019
450.000000 -0.018017
452.000000 -0.018015
454.000000 -0.018013
456.000000 -0.018011
458.000000 -0.018009
460.000000 -0.018007
462.000000 -0.018005
464.000000 -0.018004
466.000000 -0.018002
468.000000 -0.018000
470.000000 -0.017998
472.000000 -0.017997
474.000000 -0.017995
476.000000 -0.017993
478.000000 -0.017991
480.000000 -0.017990
482.000000 -0.017988
484.000000 -0.017986
486.000000 -0.017984
488.000000 -0.017982
490.000000 -0.017981
492.000000 -0.017979
494.000000 -0.017977
496.000000 -0.017975
498.000000 -0.017974
500.000000 -0.017972
502.000000 -0.017950
504.000000 -0.017857
506.000000 -0.017621
508.000000 -0.017161
510.000000 -0.016393
512.000000 -0.015239
514.000000 -0.013636
516.000000 -0.011537
518.000000 -0.008920
520.000000 -0.005785
522.000000 -0.002157
524.000000 0.001914
526.000000 0.006362
528.000000 0.011100
530.000000 0.016035
532.000000 0.021062
534.000000 0.026078
536.000000 0.030984
538.000000 0.035686
540.000000 0.040102
542.000000 0.044163
544.000000 0.047813
546.000000 0.051014
548.000000 0.053741
550.000000 0.055984
552.000000 0.057743
554.000000 0.059035
556.000000 0.059879
558.000000 0.060307
560.000000 0.060354
562.000000 0.060057
564.000000 0.059458
566.000000 0.058596
568.000000 0.057513
570.000000 0.056246
572.000000 0.054831
574.000000 0.053303
576.000000 0.051692
578.000000 0.050025
580.000000 0.048327
582.000000 0.046618
584.000000 0.044918
586.000000 0.043241
588.000000 0.041600
590.000000 0.040006
592.000000 0.038469
594.000000 0.036993
596.000000 0.035585
598.000000 0.034247
600.000000 0.032983
602.000000 0.031793
604.000000 0.030677
606.000000 0.029634
608.000000 0.028665
610.000000 0.027765
612.000000 0.026934
614.000000 0.026169
616.000000 0.025466
618.000000 0.024823
620.000000 0.024235
622.000000 0.023701
624.000000 0.023217
626.000000 0.022778
628.000000 0.022382
630.000000 0.022026
632.000000 0.021707
634.000000 0.021421
636.000000 0.021165
638.000000 0.020938
640.000000 0.020735
642.000000 0.020556
644.000000 0.020398
646.000000 0.020258
648.000000 0.020135
650.000000 0.020026
652.000000 0.019931
654.000000 0.019848
656.000000 0.019776
658.000000 0.019713
660.000000 0.019657
662.000000 0.019610
664.000000 0.019568
666.000000 0.019532
668.000000 0.019501
670.000000 0.019474
672.000000 0.019450
674.000000 0.019430
676.000000 0.019412
678.000000 0.019397
680.000000 0.019384
682.000000 0.019373
684.000000 0.019363
686.000000 0.019354
688.000000 0.019346
690.000000 0.019339
692.000000 0.019334
694.000000 0.019328
696.000000 0.019323
698.000000 0.019319
700.000000 0.019315
702.000000 0.019312
704.000000 0.019309
706.000000 0.019306
708.000000 0.019303
710.000000 0.019301
712.000000 0.019298
714.000000 0.019296
716.000000 0.019294
718.000000 0.019291
720.000000 0.019289
722.000000 0.019287
724.000000 0.019285
726.000000 0.019283
728.000000 0.019281
730.000000 0.019279
732.000000 0.019277
734.000000 0.019275
736.000000 0.019273
738.000000 0.019271
740.000000 0.019269
742.000000 0.019267
744.000000 0.019265
746.000000 0.019263
748.000000 0.019261
750.000000 0.019260
752.000000 0.019258
754.000000 0.019236
756.000000 0.019143
758.000000 0.018907
760.000000 0.018446
762.000000 0.017678
764.000000 0.016524
766.000000 0.014921
768.000000 0.012822
770.000000 0.010204
772.000000 0.007069
774.000000 0.003441
776.000000 -0.000630
778.000000 -0.005078
780.000000 -0.009817
782.000000 -0.014751
784.000000 -0.019778
786.000000 -0.024795
788.000000 -0.029701
790.000000 -0.034403
792.000000 -0.038819
794.000000 -0.042880
796.000000 -0.046530
798.000000 -0.049732
800.000000 -0.052459
802.000000 -0.054701
804.000000 -0.056461
806.000000 -0.057752
808.000000 -0.058597
810.000000 -0.059025
812.000000 -0.059072
814.000000 -0.058775
816.000000 -0.058176
818.000000 -0.057315
820.000000 -0.056231
822.000000 -0.054964
824.000000 -0.053550
826.000000 -0.052022
828.000000 -0.050411
830.000000 -0.048745
832.000000 -0.047046
834.000000 -0.045338
836.000000 -0.043637
838.000000 -0.041960
840.000000 -0.040320
842.000000 -0.038727
844.000000 -0.037189
846.000000 -0.035713
848.000000 -0.034305
850.000000 -0.032968
852.000000 -0.031704
854.000000 -0.030513
856.000000 -0.029398
858.000000 -0.028356
860.000000 -0.027386
862.000000 -0.026487
864.000000 -0.025656
866.000000 -0.024891
868.000000 -0.024188
870.000000 -0.023545
872.000000 -0.022958
874.000000 -0.022423
876.000000 -0.021939
878.000000 -0.021500
880.000000 -0.021105
882.000000 -0.020749
884.000000 -0.020430
886.000000 -0.020143
888.000000 -0.019888
890.000000 -0.019661
892.000000 -0.019459
894.000000 -0.019280
896.000000 -0.019121
898.000000 -0.018981
900.000000 -0.018858
902.000000 -0.018750
904.000000 -0.018656
906.000000 -0.018573
908.000000 -0.018500
910.000000 -0.018437
912.000000 -0.018382
914.000000 -0.018334
916.000000 -0.018293
918.000000 -0.018257
920.000000 -0.018226
922.000000 -0.018199
924.000000 -0.018176
926.000000 -0.018155
928.000000 -0.018138
930.000000 -0.018123
932.000000 -0.018110
934.000000 -0.018098
936.000000 -0.018089
938.000000 -0.018080
940.000000 -0.018073
942.000000 -0.018066
944.000000 -0.018060
946.000000 -0.018055
948.000000 -0.018050
950.000000 -0.018046
952.000000 -0.018043
954.000000 -0.018039
956.000000 -0.018036
958.000000 -0.018034
960.000000 -0.018031
962.000000 -0.018029
964.000000 -0.018026
966.000000 -0.018024
968.000000 -0.018022
970.000000 -0.018020
972.000000 -0.018018
974.000000 -0.018016
976.000000 -0.018014
978.000000 -0.018012
980.000000 -0.018010
982.000000 -0.018008
984.000000 -0.018006
986.000000 -0.018005
988.000000 -0.018003
990.000000 -0.018001
992.000000 -0.017999
994.000000 -0.017997
996.000000 -0.017995
998.000000 -0.017994
1000.000000 -0.017992
1002.000000 -0.017970
1004.000000 -0.017877
1006.000000 -0.017641
1008.000000 -0.017181
1010.000000 -0.016413
1012.000000 -0.015259
1014.000000 -0.013656
1016.000000 -0.011557
1018.000000 -0.008940
1020.000000 -0.005805
1022.000000 -0.002177
