cone=1
0.000000 -0.029857
2.000000 -0.005511
4.000000 -0.003957
6.000000 -0.002838
8.000000 -0.002013
10.000000 -0.001399
12.000000 -0.000938
14.000000 -0.000592
16.000000 -0.000332
18.000000 -0.000138
20.000000 0.000005
22.000000 0.000108
24.000000 0.000182
26.000000 0.000232
28.000000 0.000265
30.000000 0.000285
32.000000 0.000295
34.000000 0.000297
36.000000 0.000294
38.000000 0.000287
40.000000 0.000278
42.000000 0.000267
44.000000 0.000255
46.000000 0.000243
48.000000 0.000231
50.000000 0.000219
52.000000 0.000207
54.000000 0.000196
56.000000 0.000186
58.000000 0.000176
60.000000 0.000167
62.000000 0.000159
64.000000 0.000151
66.000000 0.000144
68.000000 0.000138
70.000000 0.000132
72.000000 0.000127
74.000000 0.000122
76.000000 0.000118
78.000000 0.000115
80.000000 0.000111
82.000000 0.000108
84.000000 0.000105
86.000000 0.000103
88.000000 0.000101
90.000000 0.000099
92.000000 0.000097
94.000000 0.000095
96.000000 0.000094
98.000000 0.000093
100.000000 0.000092
102.000000 0.000091
104.000000 0.000090
106.000000 0.000089
108.000000 0.000088
110.000000 0.000088
112.000000 0.000087
114.000000 0.000087
116.000000 0.000086
118.000000 0.000086
120.000000 0.000086
122.000000 0.000085
124.000000 0.000085
126.000000 0.000085
128.000000 0.000085
130.000000 0.000085
132.000000 0.000084
134.000000 0.000084
136.000000 0.000084
138.000000 0.000084
140.000000 0.000084
142.000000 0.000084
144.000000 0.000084
146.000000 0.000084
148.000000 0.000084
150.000000 0.000084
152.000000 0.000084
154.000000 0.000084
156.000000 0.000083
158.000000 0.000083
160.000000 0.000083
162.000000 0.000083
164.000000 0.000083
166.000000 0.000083
168.000000 0.000083
170.000000 0.000083
172.000000 0.000083
174.000000 0.000083
176.000000 0.000083
178.000000 0.000083
180.000000 0.000083
182.000000 0.000083
184.000000 0.000083
186.000000 0.000083
188.000000 0.000083
190.000000 0.000083
192.000000 0.000083
194.000000 0.000083
196.000000 0.000083
198.000000 0.000083
200.000000 0.000083
202.000000 0.000083
204.000000 0.000083
206.000000 0.000083
208.000000 0.000083
210.000000 0.000083
212.000000 0.000083
214.000000 0.000083
216.000000 0.000083
218.000000 0.000083
220.000000 0.000083
222.000000 0.000083
224.000000 0.000083
226.000000 0.000083
228.000000 0.000083
230.000000 0.000083
232.000000 0.000083
234.000000 0.000083
236.000000 0.000083
238.000000 0.000083
240.000000 0.000083
242.000000 0.000083
244.000000 0.000083
246.000000 0.000083
248.000000 0.000083
250.000000 0.000083
252.000000 0.000068
254.000000 -0.000002
256.000000 -0.000175
258.000000 -0.000506
260.000000 -0.001049
262.000000 -0.001856
264.000000 -0.002963
266.000000 -0.004399
268.000000 -0.006175
270.000000 -0.008286
272.000000 -0.010710
274.000000 -0.013413
276.000000 -0.016346
278.000000 -0.019453
280.000000 -0.022667
282.000000 -0.025923
284.000000 -0.029152
286.000000 -0.032290
288.000000 -0.035277
290.000000 -0.038063
292.000000 -0.040605
294.000000 -0.042870
296.000000 -0.044836
298.000000 -0.046489
300.000000 -0.047826
302.000000 -0.048850
304.000000 -0.049574
306.000000 -0.050012
308.000000 -0.050187
310.000000 -0.050122
312.000000 -0.049843
314.000000 -0.049377
316.000000 -0.048751
318.000000 -0.047990
320.000000 -0.047119
322.000000 -0.046161
324.000000 -0.045139
326.000000 -0.044070
328.000000 -0.042972
330.000000 -0.041860
332.000000 -0.040748
334.000000 -0.039645
336.000000 -0.038563
338.000000 -0.037508
340.000000 -0.036487
342.000000 -0.035505
344.000000 -0.034565
346.000000 -0.033671
348.000000 -0.032825
350.000000 -0.032026
352.000000 -0.031276
354.000000 -0.030575
356.000000 -0.029922
358.000000 -0.029316
360.000000 -0.028755
362.000000 -0.028238
364.000000 -0.027763
366.000000 -0.027328
368.000000 -0.026930
370.000000 -0.026569
372.000000 -0.026240
374.000000 -0.025943
376.000000 -0.025675
378.000000 -0.025433
380.000000 -0.025216
382.000000 -0.025022
384.000000 -0.024849
386.000000 -0.024694
388.000000 -0.024557
390.000000 -0.024436
392.000000 -0.024328
394.000000 -0.024233
396.000000 -0.024150
398.000000 -0.024076
400.000000 -0.024012
402.000000 -0.023956
404.000000 -0.023906
406.000000 -0.023863
408.000000 -0.023826
410.000000 -0.023794
412.000000 -0.023765
414.000000 -0.023741
416.000000 -0.023719
418.000000 -0.023701
420.000000 -0.023685
422.000000 -0.023671
424.000000 -0.023659
426.000000 -0.023648
428.000000 -0.023639
430.000000 -0.023630
432.000000 -0.023623
434.000000 -0.023617
436.000000 -0.023611
438.000000 -0.023606
440.000000 -0.023601
442.000000 -0.023597
444.000000 -0.023593
446.000000 -0.023589
448.000000 -0.023586
450.000000 -0.023583
452.000000 -0.023580
454.000000 -0.023577
456.000000 -0.023575
458.000000 -0.023572
460.000000 -0.023570
462.000000 -0.023567
464.000000 -0.023565
466.000000 -0.023562
468.000000 -0.023560
470.000000 -0.023558
472.000000 -0.023555
474.000000 -0.023553
476.000000 -0.023551
478.000000 -0.023548
480.000000 -0.023546
482.000000 -0.023544
484.000000 -0.023541
486.000000 -0.023539
488.000000 -0.023537
490.000000 -0.023534
492.000000 -0.023532
494.000000 -0.023530
496.000000 -0.023527
498.000000 -0.023525
500.000000 -0.023523
502.000000 -0.023495
504.000000 -0.023373
506.000000 -0.023063
508.000000 -0.022457
510.000000 -0.021445
512.000000 -0.019922
514.000000 -0.017802
516.000000 -0.015026
518.000000 -0.011560
520.000000 -0.007406
522.000000 -0.002595
524.000000 0.002808
526.000000 0.008713
528.000000 0.015008
530.000000 0.021567
532.000000 0.028253
534.000000 0.034929
536.000000 0.041461
538.000000 0.047725
540.000000 0.053611
542.000000 0.059028
544.000000 0.063901
546.000000 0.068178
548.000000 0.071825
550.000000 0.074828
552.000000 0.077189
554.000000 0.078926
556.000000 0.080069
558.000000 0.080656
560.000000 0.080734
562.000000 0.080355
564.000000 0.079571
566.000000 0.078436
568.000000 0.077005
570.000000 0.075329
572.000000 0.073454
574.000000 0.071427
576.000000 0.069288
578.000000 0.067074
580.000000 0.064817
582.000000 0.062545
584.000000 0.060282
586.000000 0.058051
588.000000 0.055867
590.000000 0.053745
592.000000 0.051697
594.000000 0.049731
596.000000 0.047854
598.000000 0.046072
600.000000 0.044386
602.000000 0.042799
604.000000 0.041311
606.000000 0.039920
608.000000 0.038626
610.000000 0.037426
612.000000 0.036317
614.000000 0.035295
616.000000 0.034357
618.000000 0.033497
620.000000 0.032713
622.000000 0.031999
624.000000 0.031352
626.000000 0.030765
628.000000 0.030236
630.000000 0.029760
632.000000 0.029333
634.000000 0.028950
636.000000 0.028608
638.000000 0.028304
640.000000 0.028033
642.000000 0.027793
644.000000 0.027581
646.000000 0.027393
648.000000 0.027228
650.000000 0.027083
652.000000 0.026956
654.000000 0.026844
656.000000 0.026747
658.000000 0.026662
660.000000 0.026588
662.000000 0.026523
664.000000 0.026468
666.000000 0.026419
668.000000 0.026377
670.000000 0.026340
672.000000 0.026309
674.000000 0.026282
676.000000 0.026258
678.000000 0.026237
680.000000 0.026219
682.000000 0.026204
684.000000 0.026190
686.000000 0.026179
688.000000 0.026168
690.000000 0.026159
692.000000 0.026151
694.000000 0.026144
696.000000 0.026137
698.000000 0.026132
700.000000 0.026126
702.000000 0.026122
704.000000 0.026118
706.000000 0.026114
708.000000 0.026110
710.000000 0.026106
712.000000 0.026103
714.000000 0.026100
716.000000 0.026097
718.000000 0.026094
720.000000 0.026091
722.000000 0.026088
724.000000 0.026085
726.000000 0.026082
728.000000 0.026080
730.000000 0.026077
732.000000 0.026074
734.000000 0.026072
736.000000 0.026069
738.000000 0.026066
740.000000 0.026064
742.000000 0.026061
744.000000 0.026058
746.000000 0.026056
748.000000 0.026053
750.000000 0.026051
752.000000 0.026048
754.000000 0.026020
756.000000 0.025897
758.000000 0.025588
760.000000 0.024981
762.000000 0.023969
764.000000 0.022445
766.000000 0.020326
768.000000 0.017549
770.000000 0.014083
772.000000 0.009928
774.000000 0.005117
776.000000 -0.000286
778.000000 -0.006191
780.000000 -0.012487
782.000000 -0.019046
784.000000 -0.025732
786.000000 -0.032408
788.000000 -0.038940
790.000000 -0.045204
792.000000 -0.051091
794.000000 -0.056508
796.000000 -0.061382
798.000000 -0.065659
800.000000 -0.069306
802.000000 -0.072309
804.000000 -0.074670
806.000000 -0.076408
808.000000 -0.077551
810.000000 -0.078138
812.000000 -0.078217
814.000000 -0.077837
816.000000 -0.077054
818.000000 -0.075920
820.000000 -0.074489
822.000000 -0.072812
824.000000 -0.070938
826.000000 -0.068911
828.000000 -0.066773
830.000000 -0.064559
832.000000 -0.062301
834.000000 -0.060030
836.000000 -0.057768
838.000000 -0.055536
840.000000 -0.053353
842.000000 -0.051231
844.000000 -0.049183
846.000000 -0.047218
848.000000 -0.045341
850.000000 -0.043559
852.000000 -0.041874
854.000000 -0.040287
856.000000 -0.038799
858.000000 -0.037409
860.000000 -0.036115
862.000000 -0.034915
864.000000 -0.033806
866.000000 -0.032785
868.000000 -0.031846
870.000000 -0.030987
872.000000 -0.030203
874.000000 -0.029490
876.000000 -0.028842
878.000000 -0.028256
880.000000 -0.027727
882.000000 -0.027252
884.000000 -0.026824
886.000000 -0.026442
888.000000 -0.026100
890.000000 -0.025796
892.000000 -0.025525
894.000000 -0.025286
896.000000 -0.025073
898.000000 -0.024886
900.000000 -0.024721
902.000000 -0.024577
904.000000 -0.024450
906.000000 -0.024338
908.000000 -0.024241
910.000000 -0.024156
912.000000 -0.024083
914.000000 -0.024019
916.000000 -0.023963
918.000000 -0.023915
920.000000 -0.023873
922.000000 -0.023837
924.000000 -0.023805
926.000000 -0.023778
928.000000 -0.023755
930.000000 -0.023735
932.000000 -0.023717
934.000000 -0.023702
936.000000 -0.023688
938.000000 -0.023677
940.000000 -0.023667
942.000000 -0.023658
944.000000 -0.023650
946.000000 -0.023643
948.000000 -0.023637
950.000000 -0.023632
952.000000 -0.023627
954.000000 -0.023622
956.000000 -0.023618
958.000000 -0.023614
960.000000 -0.023611
962.000000 -0.023608
964.000000 -0.023605
966.000000 -0.023602
968.000000 -0.023599
970.000000 -0.023596
972.000000 -0.023594
974.000000 -0.023591
976.000000 -0.023588
978.000000 -0.023586
980.000000 -0.023584
982.000000 -0.023581
984.000000 -0.023579
986.000000 -0.023576
988.000000 -0.023574
990.000000 -0.023571
992.000000 -0.023569
994.000000 -0.023567
996.000000 -0.023564
998.000000 -0.023562
1000.000000 -0.023560
1002.000000 -0.023531
1004.000000 -0.023409
1006.000000 -0.023100
1008.000000 -0.022494
1010.000000 -0.021481
1012.000000 -0.019958
1014.000000 -0.017839
1016.000000 -0.015062
1018.000000 -0.011597
1020.000000 -0.007442
1022.000000 -0.002632
