cone=1
0.000000 -0.020073
2.000000 -0.001804
4.000000 -0.001119
6.000000 -0.000680
8.000000 -0.000395
10.000000 -0.000212
12.000000 -0.000099
14.000000 -0.000033
16.000000 -0.000000
18.000000 0.000009
20.000000 0.000002
22.000000 -0.000015
24.000000 -0.000040
26.000000 -0.000070
28.000000 -0.000102
30.000000 -0.000135
32.000000 -0.000169
34.000000 -0.000201
36.000000 -0.000233
38.000000 -0.000263
40.000000 -0.000291
42.000000 -0.000317
44.000000 -0.000341
46.000000 -0.000363
48.000000 -0.000384
50.000000 -0.000402
52.000000 -0.000419
54.000000 -0.000435
56.000000 -0.000449
58.000000 -0.000461
60.000000 -0.000473
62.000000 -0.000483
64.000000 -0.000492
66.000000 -0.000500
68.000000 -0.000507
70.000000 -0.000514
72.000000 -0.000520
74.000000 -0.000525
76.000000 -0.000529
78.000000 -0.000533
80.000000 -0.000537
82.000000 -0.000540
84.000000 -0.000543
86.000000 -0.000546
88.000000 -0.000548
90.000000 -0.000550
92.000000 -0.000552
94.000000 -0.000553
96.000000 -0.000555
98.000000 -0.000556
100.000000 -0.000557
102.000000 -0.000558
104.000000 -0.000559
106.000000 -0.000560
108.000000 -0.000560
110.000000 -0.000561
112.000000 -0.000561
114.000000 -0.000562
116.000000 -0.000562
118.000000 -0.000562
120.000000 -0.000563
122.000000 -0.000563
124.000000 -0.000563
126.000000 -0.000563
128.000000 -0.000563
130.000000 -0.000563
132.000000 -0.000564
134.000000 -0.000564
136.000000 -0.000564
138.000000 -0.000564
140.000000 -0.000564
142.000000 -0.000564
144.000000 -0.000564
146.000000 -0.000564
148.000000 -0.000564
150.000000 -0.000564
152.000000 -0.000564
154.000000 -0.000564
156.000000 -0.000564
158.000000 -0.000564
160.000000 -0.000564
162.000000 -0.000564
164.000000 -0.000564
166.000000 -0.000564
168.000000 -0.000564
170.000000 -0.000564
172.000000 -0.000564
174.000000 -0.000564
176.000000 -0.000564
178.000000 -0.000563
180.000000 -0.000563
182.000000 -0.000563
184.000000 -0.000563
186.000000 -0.000563
188.000000 -0.000563
190.000000 -0.000563
192.000000 -0.000563
194.000000 -0.000563
196.000000 -0.000563
198.000000 -0.000563
200.000000 -0.000563
202.000000 -0.000563
204.000000 -0.000563
206.000000 -0.000563
208.000000 -0.000563
210.000000 -0.000563
212.000000 -0.000562
214.000000 -0.000562
216.000000 -0.000562
218.000000 -0.000562
220.000000 -0.000562
222.000000 -0.000562
224.000000 -0.000562
226.000000 -0.000562
228.000000 -0.000562
230.000000 -0.000562
232.000000 -0.000562
234.000000 -0.000562
236.000000 -0.000562
238.000000 -0.000562
240.000000 -0.000562
242.000000 -0.000562
244.000000 -0.000562
246.000000 -0.000562
248.000000 -0.000561
250.000000 -0.000561
252.000000 -0.000571
254.000000 -0.000613
256.000000 -0.000716
258.000000 -0.000908
260.000000 -0.001218
262.000000 -0.001671
264.000000 -0.002286
266.000000 -0.003074
268.000000 -0.004038
270.000000 -0.005173
272.000000 -0.006466
274.000000 -0.007896
276.000000 -0.009435
278.000000 -0.011053
280.000000 -0.012714
282.000000 -0.014383
284.000000 -0.016026
286.000000 -0.017609
288.000000 -0.019103
290.000000 -0.020483
292.000000 -0.021729
294.000000 -0.022826
296.000000 -0.023764
298.000000 -0.024538
300.000000 -0.025148
302.000000 -0.025598
304.000000 -0.025896
306.000000 -0.026050
308.000000 -0.026074
310.000000 -0.025979
312.000000 -0.025781
314.000000 -0.025492
316.000000 -0.025127
318.000000 -0.024699
320.000000 -0.024221
322.000000 -0.023704
324.000000 -0.023159
326.000000 -0.022595
328.000000 -0.022021
330.000000 -0.021445
332.000000 -0.020872
334.000000 -0.020307
336.000000 -0.019755
338.000000 -0.019221
340.000000 -0.018705
342.000000 -0.018212
344.000000 -0.017741
346.000000 -0.017296
348.000000 -0.016875
350.000000 -0.016480
352.000000 -0.016110
354.000000 -0.015766
356.000000 -0.015446
358.000000 -0.015150
360.000000 -0.014877
362.000000 -0.014627
364.000000 -0.014397
366.000000 -0.014188
368.000000 -0.013997
370.000000 -0.013824
372.000000 -0.013668
374.000000 -0.013527
376.000000 -0.013401
378.000000 -0.013287
380.000000 -0.013185
382.000000 -0.013095
384.000000 -0.013014
386.000000 -0.012943
388.000000 -0.012880
390.000000 -0.012824
392.000000 -0.012775
394.000000 -0.012733
396.000000 -0.012695
398.000000 -0.012662
400.000000 -0.012633
402.000000 -0.012609
404.000000 -0.012587
406.000000 -0.012568
408.000000 -0.012552
410.000000 -0.012538
412.000000 -0.012526
414.000000 -0.012516
416.000000 -0.012507
418.000000 -0.012499
420.000000 -0.012492
422.000000 -0.012487
424.000000 -0.012482
426.000000 -0.012477
428.000000 -0.012473
430.000000 -0.012470
432.000000 -0.012467
434.000000 -0.012465
436.000000 -0.012462
438.000000 -0.012460
440.000000 -0.012458
442.000000 -0.012457
444.000000 -0.012455
446.000000 -0.012453
448.000000 -0.012452
450.000000 -0.012451
452.000000 -0.012449
454.000000 -0.012448
456.000000 -0.012447
458.000000 -0.012446
460.000000 -0.012445
462.000000 -0.012443
464.000000 -0.012442
466.000000 -0.012441
468.000000 -0.012440
470.000000 -0.012439
472.000000 -0.012438
474.000000 -0.012436
476.000000 -0.012435
478.000000 -0.012434
480.000000 -0.012433
482.000000 -0.012432
484.000000 -0.012431
486.000000 -0.012429
488.000000 -0.012428
490.000000 -0.012427
492.000000 -0.012426
494.000000 -0.012425
496.000000 -0.012423
498.000000 -0.012422
500.000000 -0.012421
502.000000 -0.012406
504.000000 -0.012342
506.000000 -0.012179
508.000000 -0.011865
510.000000 -0.011341
512.000000 -0.010557
514.000000 -0.009469
516.000000 -0.008048
518.000000 -0.006280
520.000000 -0.004164
522.000000 -0.001719
524.000000 0.001021
526.000000 0.004011
528.000000 0.007193
530.000000 0.010502
532.000000 0.013870
534.000000 0.017228
536.000000 0.020508
538.000000 0.023647
540.000000 0.026593
542.000000 0.029297
544.000000 0.031725
546.000000 0.033851
548.000000 0.035658
550.000000 0.037139
552.000000 0.038298
554.000000 0.039143
556.000000 0.039690
558.000000 0.039959
560.000000 0.039973
562.000000 0.039760
564.000000 0.039345
566.000000 0.038756
568.000000 0.038020
570.000000 0.037163
572.000000 0.036208
574.000000 0.035179
576.000000 0.034096
578.000000 0.032977
580.000000 0.031837
582.000000 0.030692
584.000000 0.029553
586.000000 0.028431
588.000000 0.027333
590.000000 0.026268
592.000000 0.025240
594.000000 0.024255
596.000000 0.023315
598.000000 0.022423
600.000000 0.021580
602.000000 0.020786
604.000000 0.020043
606.000000 0.019349
608.000000 0.018703
610.000000 0.018104
612.000000 0.017552
614.000000 0.017043
616.000000 0.016575
618.000000 0.016148
620.000000 0.015758
622.000000 0.015403
624.000000 0.015082
626.000000 0.014791
628.000000 0.014528
630.000000 0.014292
632.000000 0.014081
634.000000 0.013891
636.000000 0.013722
638.000000 0.013572
640.000000 0.013438
642.000000 0.013320
644.000000 0.013215
646.000000 0.013123
648.000000 0.013041
650.000000 0.012970
652.000000 0.012908
654.000000 0.012853
656.000000 0.012805
658.000000 0.012764
660.000000 0.012727
662.000000 0.012696
664.000000 0.012669
666.000000 0.012645
668.000000 0.012625
670.000000 0.012607
672.000000 0.012592
674.000000 0.012579
676.000000 0.012567
678.000000 0.012557
680.000000 0.012549
682.000000 0.012541
684.000000 0.012535
686.000000 0.012529
688.000000 0.012524
690.000000 0.012520
692.000000 0.012516
694.000000 0.012513
696.000000 0.012510
698.000000 0.012507
700.000000 0.012504
702.000000 0.012502
704.000000 0.012500
706.000000 0.012498
708.000000 0.012497
710.000000 0.012495
712.000000 0.012494
714.000000 0.012492
716.000000 0.012491
718.000000 0.012489
720.000000 0.012488
722.000000 0.012487
724.000000 0.012485
726.000000 0.012484
728.000000 0.012483
730.000000 0.012481
732.000000 0.012480
734.000000 0.012479
736.000000 0.012477
738.000000 0.012476
740.000000 0.012475
742.000000 0.012474
744.000000 0.012472
746.000000 0.012471
748.000000 0.012470
750.000000 0.012469
752.000000 0.012467
754.000000 0.012452
756.000000 0.012388
758.000000 0.012226
760.000000 0.011911
762.000000 0.011387
764.000000 0.010603
766.000000 0.009515
768.000000 0.008095
770.000000 0.006326
772.000000 0.004210
774.000000 0.001766
776.000000 -0.000975
778.000000 -0.003964
780.000000 -0.007146
782.000000 -0.010456
784.000000 -0.013824
786.000000 -0.017182
788.000000 -0.020461
790.000000 -0.023601
792.000000 -0.026546
794.000000 -0.029251
796.000000 -0.031679
798.000000 -0.033805
800.000000 -0.035611
802.000000 -0.037093
804.000000 -0.038252
806.000000 -0.039097
808.000000 -0.039644
810.000000 -0.039912
812.000000 -0.039927
814.000000 -0.039713
816.000000 -0.039298
818.000000 -0.038709
820.000000 -0.037974
822.000000 -0.037116
824.000000 -0.036162
826.000000 -0.035133
828.000000 -0.034050
830.000000 -0.032930
832.000000 -0.031791
834.000000 -0.030646
836.000000 -0.029507
838.000000 -0.028384
840.000000 -0.027287
842.000000 -0.026222
844.000000 -0.025194
846.000000 -0.024209
848.000000 -0.023269
850.000000 -0.022377
852.000000 -0.021534
854.000000 -0.020740
856.000000 -0.019997
858.000000 -0.019302
860.000000 -0.018657
862.000000 -0.018058
864.000000 -0.017505
866.000000 -0.016996
868.000000 -0.016529
870.000000 -0.016102
872.000000 -0.015712
874.000000 -0.015357
876.000000 -0.015036
878.000000 -0.014745
880.000000 -0.014482
882.000000 -0.014246
884.000000 -0.014035
886.000000 -0.013845
888.000000 -0.013676
890.000000 -0.013526
892.000000 -0.013392
894.000000 -0.013274
896.000000 -0.013169
898.000000 -0.013077
900.000000 -0.012995
902.000000 -0.012924
904.000000 -0.012862
906.000000 -0.012807
908.000000 -0.012759
910.000000 -0.012718
912.000000 -0.012681
914.000000 -0.012650
916.000000 -0.012623
918.000000 -0.012599
920.000000 -0.012579
922.000000 -0.012561
924.000000 -0.012546
926.000000 -0.012533
928.000000 -0.012521
930.000000 -0.012511
932.000000 -0.012503
934.000000 -0.012495
936.000000 -0.012489
938.000000 -0.012483
940.000000 -0.012478
942.000000 -0.012474
944.000000 -0.012470
946.000000 -0.012467
948.000000 -0.012464
950.000000 -0.012461
952.000000 -0.012459
954.000000 -0.012456
956.000000 -0.012454
958.000000 -0.012452
960.000000 -0.012451
962.000000 -0.012449
964.000000 -0.012448
966.000000 -0.012446
968.000000 -0.012445
970.000000 -0.012443
972.000000 -0.012442
974.000000 -0.012440
976.000000 -0.012439
978.000000 -0.012438
980.000000 -0.012437
982.000000 -0.012435
984.000000 -0.012434
986.000000 -0.012433
988.000000 -0.012431
990.000000 -0.012430
992.000000 -0.012429
994.000000 -0.012428
996.000000 -0.012427
998.000000 -0.012425
1000.000000 -0.012424
1002.000000 -0.012409
1004.000000 -0.012345
1006.000000 -0.012183
1008.000000 -0.011868
1010.000000 -0.011344
1012.000000 -0.010560
1014.000000 -0.009472
1016.000000 -0.008051
1018.000000 -0.006283
1020.000000 -0.004167
1022.000000 -0.001722
