cone=1
0.000000 -0.015181
2.000000 0.000050
4.000000 0.000300
6.000000 0.000399
8.000000 0.000414
10.000000 0.000381
12.000000 0.000321
14.000000 0.000246
16.000000 0.000165
18.000000 0.000083
20.000000 0.000001
22.000000 -0.000077
24.000000 -0.000152
26.000000 -0.000221
28.000000 -0.000286
30.000000 -0.000346
32.000000 -0.000401
34.000000 -0.000451
36.000000 -0.000496
38.000000 -0.000538
40.000000 -0.000575
42.000000 -0.000609
44.000000 -0.000639
46.000000 -0.000667
48.000000 -0.000691
50.000000 -0.000713
52.000000 -0.000733
54.000000 -0.000750
56.000000 -0.000766
58.000000 -0.000780
60.000000 -0.000792
62.000000 -0.000804
64.000000 -0.000813
66.000000 -0.000822
68.000000 -0.000830
70.000000 -0.000837
72.000000 -0.000843
74.000000 -0.000848
76.000000 -0.000853
78.000000 -0.000857
80.000000 -0.000861
82.000000 -0.000865
84.000000 -0.000868
86.000000 -0.000870
88.000000 -0.000873
90.000000 -0.000875
92.000000 -0.000876
94.000000 -0.000878
96.000000 -0.000879
98.000000 -0.000880
100.000000 -0.000882
102.000000 -0.000883
104.000000 -0.000883
106.000000 -0.000884
108.000000 -0.000885
110.000000 -0.000885
112.000000 -0.000886
114.000000 -0.000886
116.000000 -0.000886
118.000000 -0.000887
120.000000 -0.000887
122.000000 -0.000887
124.000000 -0.000887
126.000000 -0.000887
128.000000 -0.000887
130.000000 -0.000888
132.000000 -0.000888
134.000000 -0.000888
136.000000 -0.000888
138.000000 -0.000888
140.000000 -0.000888
142.000000 -0.000888
144.000000 -0.000888
146.000000 -0.000888
148.000000 -0.000888
150.000000 -0.000888
152.000000 -0.000888
154.000000 -0.000888
156.000000 -0.000888
158.000000 -0.000888
160.000000 -0.000887
162.000000 -0.000887
164.000000 -0.000887
166.000000 -0.000887
168.000000 -0.000887
170.000000 -0.000887
172.000000 -0.000887
174.000000 -0.000887
176.000000 -0.000887
178.000000 -0.000887
180.000000 -0.000887
182.000000 -0.000887
184.000000 -0.000887
186.000000 -0.000886
188.000000 -0.000886
190.000000 -0.000886
192.000000 -0.000886
194.000000 -0.000886
196.000000 -0.000886
198.000000 -0.000886
200.000000 -0.000886
202.000000 -0.000886
204.000000 -0.000886
206.000000 -0.000886
208.000000 -0.000886
210.000000 -0.000885
212.000000 -0.000885
214.000000 -0.000885
216.000000 -0.000885
218.000000 -0.000885
220.000000 -0.000885
222.000000 -0.000885
224.000000 -0.000885
226.000000 -0.000885
228.000000 -0.000885
230.000000 -0.000885
232.000000 -0.000884
234.000000 -0.000884
236.000000 -0.000884
238.000000 -0.000884
240.000000 -0.000884
242.000000 -0.000884
244.000000 -0.000884
246.000000 -0.000884
248.000000 -0.000884
250.000000 -0.000884
252.000000 -0.000890
254.000000 -0.000919
256.000000 -0.000987
258.000000 -0.001109
260.000000 -0.001303
262.000000 -0.001579
264.000000 -0.001947
266.000000 -0.002411
268.000000 -0.002969
270.000000 -0.003617
272.000000 -0.004344
274.000000 -0.005137
276.000000 -0.005979
278.000000 -0.006853
280.000000 -0.007737
282.000000 -0.008613
284.000000 -0.009463
286.000000 -0.010269
288.000000 -0.011016
290.000000 -0.011693
292.000000 -0.012291
294.000000 -0.012804
296.000000 -0.013227
298.000000 -0.013562
300.000000 -0.013809
302.000000 -0.013972
304.000000 -0.014057
306.000000 -0.014070
308.000000 -0.014017
310.000000 -0.013908
312.000000 -0.013749
314.000000 -0.013549
316.000000 -0.013315
318.000000 -0.013053
320.000000 -0.012772
322.000000 -0.012475
324.000000 -0.012169
326.000000 -0.011858
328.000000 -0.011546
330.000000 -0.011237
332.000000 -0.010934
334.000000 -0.010638
336.000000 -0.010352
338.000000 -0.010077
340.000000 -0.009814
342.000000 -0.009565
344.000000 -0.009330
346.000000 -0.009108
348.000000 -0.008900
350.000000 -0.008707
352.000000 -0.008527
354.000000 -0.008361
356.000000 -0.008208
358.000000 -0.008067
360.000000 -0.007938
362.000000 -0.007821
364.000000 -0.007714
366.000000 -0.007618
368.000000 -0.007531
370.000000 -0.007453
372.000000 -0.007382
374.000000 -0.007320
376.000000 -0.007264
378.000000 -0.007214
380.000000 -0.007170
382.000000 -0.007131
384.000000 -0.007097
386.000000 -0.007068
388.000000 -0.007042
390.000000 -0.007019
392.000000 -0.006999
394.000000 -0.006982
396.000000 -0.006968
398.000000 -0.006955
400.000000 -0.006944
402.000000 -0.006935
404.000000 -0.006927
406.000000 -0.006921
408.000000 -0.006915
410.000000 -0.006911
412.000000 -0.006907
414.000000 -0.006903
416.000000 -0.006901
418.000000 -0.006898
420.000000 -0.006896
422.000000 -0.006895
424.000000 -0.006893
426.000000 -0.006892
428.000000 -0.006891
430.000000 -0.006890
432.000000 -0.006889
434.000000 -0.006889
436.000000 -0.006888
438.000000 -0.006888
440.000000 -0.006887
442.000000 -0.006886
444.000000 -0.006886
446.000000 -0.006886
448.000000 -0.006885
450.000000 -0.006885
452.000000 -0.006884
454.000000 -0.006884
456.000000 -0.006883
458.000000 -0.006883
460.000000 -0.006882
462.000000 -0.006882
464.000000 -0.006881
466.000000 -0.006881
468.000000 -0.006880
470.000000 -0.006880
472.000000 -0.006879
474.000000 -0.006878
476.000000 -0.006878
478.000000 -0.006877
480.000000 -0.006877
482.000000 -0.006876
484.000000 -0.006875
486.000000 -0.006875
488.000000 -0.006874
490.000000 -0.006873
492.000000 -0.006873
494.000000 -0.006872
496.000000 -0.006872
498.000000 -0.006871
500.000000 -0.006870
502.000000 -0.006862
504.000000 -0.006826
506.000000 -0.006738
508.000000 -0.006569
510.000000 -0.006289
512.000000 -0.005874
514.000000 -0.005303
516.000000 -0.004560
518.000000 -0.003640
520.000000 -0.002543
522.000000 -0.001282
524.000000 0.000127
526.000000 0.001659
528.000000 0.003284
530.000000 0.004969
532.000000 0.006679
534.000000 0.008377
536.000000 0.010031
538.000000 0.011609
540.000000 0.013083
542.000000 0.014432
544.000000 0.015637
546.000000 0.016687
548.000000 0.017574
550.000000 0.018295
552.000000 0.018852
554.000000 0.019251
556.000000 0.019500
558.000000 0.019610
560.000000 0.019593
562.000000 0.019462
564.000000 0.019231
566.000000 0.018915
568.000000 0.018527
570.000000 0.018080
572.000000 0.017585
574.000000 0.017055
576.000000 0.016500
578.000000 0.015928
580.000000 0.015347
582.000000 0.014765
584.000000 0.014188
586.000000 0.013620
588.000000 0.013066
590.000000 0.012529
592.000000 0.012012
594.000000 0.011517
596.000000 0.011045
598.000000 0.010598
600.000000 0.010176
602.000000 0.009780
604.000000 0.009408
606.000000 0.009062
608.000000 0.008741
610.000000 0.008443
612.000000 0.008169
614.000000 0.007916
616.000000 0.007684
618.000000 0.007473
620.000000 0.007280
622.000000 0.007105
624.000000 0.006946
626.000000 0.006803
628.000000 0.006674
630.000000 0.006558
632.000000 0.006454
634.000000 0.006362
636.000000 0.006279
638.000000 0.006205
640.000000 0.006140
642.000000 0.006083
644.000000 0.006032
646.000000 0.005987
648.000000 0.005948
650.000000 0.005913
652.000000 0.005883
654.000000 0.005857
656.000000 0.005834
658.000000 0.005814
660.000000 0.005797
662.000000 0.005782
664.000000 0.005769
666.000000 0.005758
668.000000 0.005748
670.000000 0.005740
672.000000 0.005733
674.000000 0.005727
676.000000 0.005722
678.000000 0.005717
680.000000 0.005713
682.000000 0.005710
684.000000 0.005707
686.000000 0.005704
688.000000 0.005702
690.000000 0.005700
692.000000 0.005698
694.000000 0.005697
696.000000 0.005695
698.000000 0.005694
700.000000 0.005693
702.000000 0.005692
704.000000 0.005691
706.000000 0.005690
708.000000 0.005690
710.000000 0.005689
712.000000 0.005688
714.000000 0.005688
716.000000 0.005687
718.000000 0.005686
720.000000 0.005686
722.000000 0.005685
724.000000 0.005685
726.000000 0.005684
728.000000 0.005684
730.000000 0.005683
732.000000 0.005682
734.000000 0.005682
736.000000 0.005681
738.000000 0.005681
740.000000 0.005680
742.000000 0.005680
744.000000 0.005679
746.000000 0.005678
748.000000 0.005678
750.000000 0.005677
752.000000 0.005677
754.000000 0.005668
756.000000 0.005633
758.000000 0.005545
760.000000 0.005375
762.000000 0.005096
764.000000 0.004682
766.000000 0.004110
768.000000 0.003367
770.000000 0.002447
772.000000 0.001351
774.000000 0.000090
776.000000 -0.001319
778.000000 -0.002851
780.000000 -0.004476
782.000000 -0.006161
784.000000 -0.007870
786.000000 -0.009569
788.000000 -0.011222
790.000000 -0.012800
792.000000 -0.014274
794.000000 -0.015623
796.000000 -0.016828
798.000000 -0.017878
800.000000 -0.018764
802.000000 -0.019486
804.000000 -0.020043
806.000000 -0.020442
808.000000 -0.020690
810.000000 -0.020800
812.000000 -0.020783
814.000000 -0.020652
816.000000 -0.020421
818.000000 -0.020105
820.000000 -0.019716
822.000000 -0.019269
824.000000 -0.018775
826.000000 -0.018244
828.000000 -0.017688
830.000000 -0.017117
832.000000 -0.016536
834.000000 -0.015954
836.000000 -0.015376
838.000000 -0.014809
840.000000 -0.014254
842.000000 -0.013717
844.000000 -0.013200
846.000000 -0.012705
848.000000 -0.012233
850.000000 -0.011786
852.000000 -0.011364
854.000000 -0.010967
856.000000 -0.010596
858.000000 -0.010250
860.000000 -0.009928
862.000000 -0.009630
864.000000 -0.009355
866.000000 -0.009103
868.000000 -0.008871
870.000000 -0.008659
872.000000 -0.008466
874.000000 -0.008291
876.000000 -0.008132
878.000000 -0.007989
880.000000 -0.007860
882.000000 -0.007744
884.000000 -0.007640
886.000000 -0.007547
888.000000 -0.007464
890.000000 -0.007391
892.000000 -0.007326
894.000000 -0.007268
896.000000 -0.007217
898.000000 -0.007172
900.000000 -0.007133
902.000000 -0.007098
904.000000 -0.007068
906.000000 -0.007041
908.000000 -0.007018
910.000000 -0.006998
912.000000 -0.006981
914.000000 -0.006966
916.000000 -0.006953
918.000000 -0.006942
920.000000 -0.006932
922.000000 -0.006924
924.000000 -0.006916
926.000000 -0.006910
928.000000 -0.006905
930.000000 -0.006900
932.000000 -0.006896
934.000000 -0.006892
936.000000 -0.006889
938.000000 -0.006887
940.000000 -0.006884
942.000000 -0.006882
944.000000 -0.006880
946.000000 -0.006879
948.000000 -0.006877
950.000000 -0.006876
952.000000 -0.006875
954.000000 -0.006874
956.000000 -0.006873
958.000000 -0.006872
960.000000 -0.006871
962.000000 -0.006870
964.000000 -0.006869
966.000000 -0.006869
968.000000 -0.006868
970.000000 -0.006867
972.000000 -0.006866
974.000000 -0.006866
976.000000 -0.006865
978.000000 -0.006864
980.000000 -0.006864
982.000000 -0.006863
984.000000 -0.006862
986.000000 -0.006862
988.000000 -0.006861
990.000000 -0.006860
992.000000 -0.006859
994.000000 -0.006859
996.000000 -0.006858
998.000000 -0.006857
1000.000000 -0.006857
1002.000000 -0.006848
1004.000000 -0.006813
1006.000000 -0.006724
1008.000000 -0.006555
1010.000000 -0.006276
1012.000000 -0.005861
1014.000000 -0.005289
1016.000000 -0.004546
1018.000000 -0.003626
1020.000000 -0.002530
1022.000000 -0.001268
