cone=1
0.000000 0.258343
2.000000 0.361025
4.000000 0.361242
6.000000 0.361482
8.000000 0.361737
10.000000 0.361988
12.000000 0.362224
14.000000 0.362440
16.000000 0.362636
18.000000 0.362812
20.000000 0.362969
22.000000 0.363109
24.000000 0.363234
26.000000 0.363344
28.000000 0.363442
30.000000 0.363528
32.000000 0.363605
34.000000 0.363673
36.000000 0.363733
38.000000 0.363786
40.000000 0.363834
42.000000 0.363875
44.000000 0.363912
46.000000 0.363945
48.000000 0.363973
50.000000 0.363999
52.000000 0.364021
54.000000 0.364041
56.000000 0.364059
58.000000 0.364074
60.000000 0.364088
62.000000 0.364100
64.000000 0.364111
66.000000 0.364121
68.000000 0.364129
70.000000 0.364136
72.000000 0.364143
74.000000 0.364149
76.000000 0.364154
78.000000 0.364159
80.000000 0.364163
82.000000 0.364166
84.000000 0.364169
86.000000 0.364172
88.000000 0.364175
90.000000 0.364177
92.000000 0.364179
94.000000 0.364180
96.000000 0.364182
98.000000 0.364183
100.000000 0.364184
102.000000 0.364185
104.000000 0.364186
106.000000 0.364187
108.000000 0.364188
110.000000 0.364189
112.000000 0.364189
114.000000 0.364190
116.000000 0.364190
118.000000 0.364190
120.000000 0.364191
122.000000 0.364191
124.000000 0.364191
126.000000 0.364192
128.000000 0.364192
130.000000 0.364192
132.000000 0.364192
134.000000 0.364192
136.000000 0.364192
138.000000 0.364192
140.000000 0.364193
142.000000 0.364193
144.000000 0.364193
146.000000 0.364193
148.000000 0.364193
150.000000 0.364193
152.000000 0.364193
154.000000 0.364193
156.000000 0.364193
158.000000 0.364193
160.000000 0.364193
162.000000 0.364193
164.000000 0.364193
166.000000 0.364193
168.000000 0.364193
170.000000 0.364193
172.000000 0.364193
174.000000 0.364193
176.000000 0.364193
178.000000 0.364193
180.000000 0.364193
182.000000 0.364193
184.000000 0.364193
186.000000 0.364193
188.000000 0.364193
190.000000 0.364193
192.000000 0.364193
194.000000 0.364193
196.000000 0.364193
198.000000 0.364193
200.000000 0.364193
202.000000 0.364193
204.000000 0.364193
206.000000 0.364193
208.000000 0.364193
210.000000 0.364193
212.000000 0.364193
214.000000 0.364193
216.000000 0.364193
218.000000 0.364193
220.000000 0.364193
222.000000 0.364193
224.000000 0.364193
226.000000 0.364193
228.000000 0.364193
230.000000 0.364193
232.000000 0.364193
234.000000 0.364193
236.000000 0.364193
238.000000 0.364193
240.000000 0.364193
242.000000 0.364193
244.000000 0.364193
246.000000 0.364193
248.000000 0.364193
250.000000 0.364193
252.000000 0.364193
254.000000 0.364191
256.000000 0.364185
258.000000 0.364172
260.000000 0.364150
262.000000 0.364117
264.000000 0.364070
266.000000 0.364006
268.000000 0.363924
270.000000 0.363823
272.000000 0.363704
274.000000 0.363568
276.000000 0.363414
278.000000 0.363247
280.000000 0.363068
282.000000 0.362881
284.000000 0.362688
286.000000 0.362493
288.000000 0.362301
290.000000 0.362113
292.000000 0.361932
294.000000 0.361762
296.000000 0.361605
298.000000 0.361461
300.000000 0.361333
302.000000 0.361220
304.000000 0.361125
306.000000 0.361045
308.000000 0.360982
310.000000 0.360935
312.000000 0.360902
314.000000 0.360883
316.000000 0.360876
318.000000 0.360882
320.000000 0.360897
322.000000 0.360921
324.000000 0.360954
326.000000 0.360993
328.000000 0.361038
330.000000 0.361087
332.000000 0.361140
334.000000 0.361196
336.000000 0.361254
338.000000 0.361313
340.000000 0.361372
342.000000 0.361432
344.000000 0.361491
346.000000 0.361550
348.000000 0.361607
350.000000 0.361663
352.000000 0.361717
354.000000 0.361768
356.000000 0.361818
358.000000 0.361866
360.000000 0.361911
362.000000 0.361954
364.000000 0.361995
366.000000 0.362033
368.000000 0.362069
370.000000 0.362102
372.000000 0.362134
374.000000 0.362163
376.000000 0.362190
378.000000 0.362215
380.000000 0.362238
382.000000 0.362260
384.000000 0.362279
386.000000 0.362298
388.000000 0.362314
390.000000 0.362329
392.000000 0.362343
394.000000 0.362356
396.000000 0.362367
398.000000 0.362377
400.000000 0.362387
402.000000 0.362395
404.000000 0.362403
406.000000 0.362410
408.000000 0.362416
410.000000 0.362422
412.000000 0.362427
414.000000 0.362432
416.000000 0.362436
418.000000 0.362439
420.000000 0.362443
422.000000 0.362446
424.000000 0.362448
426.000000 0.362450
428.000000 0.362453
430.000000 0.362454
432.000000 0.362456
434.000000 0.362458
436.000000 0.362459
438.000000 0.362460
440.000000 0.362461
442.000000 0.362462
444.000000 0.362463
446.000000 0.362464
448.000000 0.362464
450.000000 0.362465
452.000000 0.362465
454.000000 0.362466
456.000000 0.362466
458.000000 0.362466
460.000000 0.362467
462.000000 0.362467
464.000000 0.362467
466.000000 0.362468
468.000000 0.362468
470.000000 0.362468
472.000000 0.362468
474.000000 0.362468
476.000000 0.362468
478.000000 0.362468
480.000000 0.362468
482.000000 0.362469
484.000000 0.362469
486.000000 0.362469
488.000000 0.362469
490.000000 0.362469
492.000000 0.362469
494.000000 0.362469
496.000000 0.362469
498.000000 0.362469
500.000000 0.362469
502.000000 0.362469
504.000000 0.362470
506.000000 0.362472
508.000000 0.362477
510.000000 0.362484
512.000000 0.362496
514.000000 0.362513
516.000000 0.362536
518.000000 0.362565
520.000000 0.362600
522.000000 0.362642
524.000000 0.362690
526.000000 0.362744
528.000000 0.362803
530.000000 0.362866
532.000000 0.362932
534.000000 0.363000
536.000000 0.363068
538.000000 0.363135
540.000000 0.363201
542.000000 0.363264
544.000000 0.363324
546.000000 0.363379
548.000000 0.363429
550.000000 0.363474
552.000000 0.363513
554.000000 0.363546
556.000000 0.363573
558.000000 0.363595
560.000000 0.363612
562.000000 0.363623
564.000000 0.363629
566.000000 0.363631
568.000000 0.363629
570.000000 0.363623
572.000000 0.363614
574.000000 0.363603
576.000000 0.363589
578.000000 0.363573
580.000000 0.363556
582.000000 0.363537
584.000000 0.363518
586.000000 0.363497
588.000000 0.363477
590.000000 0.363456
592.000000 0.363435
594.000000 0.363414
596.000000 0.363393
598.000000 0.363373
600.000000 0.363354
602.000000 0.363335
604.000000 0.363317
606.000000 0.363300
608.000000 0.363283
610.000000 0.363267
612.000000 0.363252
614.000000 0.363238
616.000000 0.363225
618.000000 0.363212
620.000000 0.363200
622.000000 0.363189
624.000000 0.363179
626.000000 0.363170
628.000000 0.363161
630.000000 0.363153
632.000000 0.363145
634.000000 0.363139
636.000000 0.363132
638.000000 0.363127
640.000000 0.363121
642.000000 0.363116
644.000000 0.363112
646.000000 0.363108
648.000000 0.363105
650.000000 0.363101
652.000000 0.363098
654.000000 0.363096
656.000000 0.363093
658.000000 0.363091
660.000000 0.363089
662.000000 0.363087
664.000000 0.363086
666.000000 0.363084
668.000000 0.363083
670.000000 0.363082
672.000000 0.363081
674.000000 0.363080
676.000000 0.363079
678.000000 0.363078
680.000000 0.363078
682.000000 0.363077
684.000000 0.363077
686.000000 0.363076
688.000000 0.363076
690.000000 0.363075
692.000000 0.363075
694.000000 0.363075
696.000000 0.363075
698.000000 0.363074
700.000000 0.363074
702.000000 0.363074
704.000000 0.363074
706.000000 0.363074
708.000000 0.363074
710.000000 0.363073
712.000000 0.363073
714.000000 0.363073
716.000000 0.363073
718.000000 0.363073
720.000000 0.363073
722.000000 0.363073
724.000000 0.363073
726.000000 0.363073
728.000000 0.363073
730.000000 0.363073
732.000000 0.363073
734.000000 0.363073
736.000000 0.363073
738.000000 0.363073
740.000000 0.363073
742.000000 0.363073
744.000000 0.363073
746.000000 0.363073
748.000000 0.363073
750.000000 0.363073
752.000000 0.363073
754.000000 0.363072
756.000000 0.363072
758.000000 0.363070
760.000000 0.363065
762.000000 0.363057
764.000000 0.363046
766.000000 0.363029
768.000000 0.363006
770.000000 0.362977
772.000000 0.362942
774.000000 0.362900
776.000000 0.362852
778.000000 0.362798
780.000000 0.362739
782.000000 0.362676
784.000000 0.362610
786.000000 0.362542
788.000000 0.362474
790.000000 0.362406
792.000000 0.362341
794.000000 0.362278
796.000000 0.362218
798.000000 0.362163
800.000000 0.362113
802.000000 0.362068
804.000000 0.362029
806.000000 0.361996
808.000000 0.361968
810.000000 0.361947
812.000000 0.361930
814.000000 0.361919
816.000000 0.361913
818.000000 0.361911
820.000000 0.361913
822.000000 0.361918
824.000000 0.361927
826.000000 0.361939
828.000000 0.361953
830.000000 0.361968
832.000000 0.361986
834.000000 0.362005
836.000000 0.362024
838.000000 0.362044
840.000000 0.362065
842.000000 0.362086
844.000000 0.362107
846.000000 0.362128
848.000000 0.362148
850.000000 0.362168
852.000000 0.362188
854.000000 0.362207
856.000000 0.362225
858.000000 0.362242
860.000000 0.362259
862.000000 0.362275
864.000000 0.362290
866.000000 0.362304
868.000000 0.362317
870.000000 0.362330
872.000000 0.362341
874.000000 0.362352
876.000000 0.362363
878.000000 0.362372
880.000000 0.362381
882.000000 0.362389
884.000000 0.362396
886.000000 0.362403
888.000000 0.362409
890.000000 0.362415
892.000000 0.362420
894.000000 0.362425
896.000000 0.362430
898.000000 0.362434
900.000000 0.362437
902.000000 0.362441
904.000000 0.362443
906.000000 0.362446
908.000000 0.362449
910.000000 0.362451
912.000000 0.362453
914.000000 0.362455
916.000000 0.362456
918.000000 0.362458
920.000000 0.362459
922.000000 0.362460
924.000000 0.362461
926.000000 0.362462
928.000000 0.362463
930.000000 0.362463
932.000000 0.362464
934.000000 0.362465
936.000000 0.362465
938.000000 0.362466
940.000000 0.362466
942.000000 0.362466
944.000000 0.362467
946.000000 0.362467
948.000000 0.362467
950.000000 0.362467
952.000000 0.362468
954.000000 0.362468
956.000000 0.362468
958.000000 0.362468
960.000000 0.362468
962.000000 0.362468
964.000000 0.362468
966.000000 0.362468
968.000000 0.362469
970.000000 0.362469
972.000000 0.362469
974.000000 0.362469
976.000000 0.362469
978.000000 0.362469
980.000000 0.362469
982.000000 0.362469
984.000000 0.362469
986.000000 0.362469
988.000000 0.362469
990.000000 0.362469
992.000000 0.362469
994.000000 0.362469
996.000000 0.362469
998.000000 0.362469
1000.000000 0.362469
1002.000000 0.362469
1004.000000 0.362470
1006.000000 0.362472
1008.000000 0.362477
1010.000000 0.362484
1012.000000 0.362496
1014.000000 0.362513
1016.000000 0.362536
1018.000000 0.362565
1020.000000 0.362600
1022.000000 0.362642
