cone=3
0.000000 0.256324
2.000000 0.358205
4.000000 0.358420
6.000000 0.358658
8.000000 0.358911
10.000000 0.359160
12.000000 0.359394
14.000000 0.359609
16.000000 0.359803
18.000000 0.359978
20.000000 0.360134
22.000000 0.360273
24.000000 0.360396
26.000000 0.360506
28.000000 0.360603
30.000000 0.360689
32.000000 0.360765
34.000000 0.360832
36.000000 0.360892
38.000000 0.360945
40.000000 0.360991
42.000000 0.361033
44.000000 0.361069
46.000000 0.361101
48.000000 0.361130
50.000000 0.361155
52.000000 0.361178
54.000000 0.361197
56.000000 0.361215
58.000000 0.361230
60.000000 0.361244
62.000000 0.361256
64.000000 0.361267
66.000000 0.361276
68.000000 0.361285
70.000000 0.361292
72.000000 0.361299
74.000000 0.361304
76.000000 0.361309
78.000000 0.361314
80.000000 0.361318
82.000000 0.361321
84.000000 0.361325
86.000000 0.361327
88.000000 0.361330
90.000000 0.361332
92.000000 0.361334
94.000000 0.361335
96.000000 0.361337
98.000000 0.361338
100.000000 0.361340
102.000000 0.361341
104.000000 0.361341
106.000000 0.361342
108.000000 0.361343
110.000000 0.361344
112.000000 0.361344
114.000000 0.361345
116.000000 0.361345
118.000000 0.361345
120.000000 0.361346
122.000000 0.361346
124.000000 0.361346
126.000000 0.361347
128.000000 0.361347
130.000000 0.361347
132.000000 0.361347
134.000000 0.361347
136.000000 0.361347
138.000000 0.361348
140.000000 0.361348
142.000000 0.361348
144.000000 0.361348
146.000000 0.361348
148.000000 0.361348
150.000000 0.361348
152.000000 0.361348
154.000000 0.361348
156.000000 0.361348
158.000000 0.361348
160.000000 0.361348
162.000000 0.361348
164.000000 0.361348
166.000000 0.361348
168.000000 0.361348
170.000000 0.361348
172.000000 0.361348
174.000000 0.361348
176.000000 0.361348
178.000000 0.361348
180.000000 0.361348
182.000000 0.361348
184.000000 0.361348
186.000000 0.361348
188.000000 0.361348
190.000000 0.361348
192.000000 0.361348
194.000000 0.361348
196.000000 0.361348
198.000000 0.361348
200.000000 0.361348
202.000000 0.361348
204.000000 0.361348
206.000000 0.361348
208.000000 0.361348
210.000000 0.361348
212.000000 0.361348
214.000000 0.361348
216.000000 0.361348
218.000000 0.361348
220.000000 0.361348
222.000000 0.361348
224.000000 0.361348
226.000000 0.361348
228.000000 0.361348
230.000000 0.361348
232.000000 0.361348
234.000000 0.361348
236.000000 0.361348
238.000000 0.361348
240.000000 0.361348
242.000000 0.361348
244.000000 0.361348
246.000000 0.361348
248.000000 0.361348
250.000000 0.361348
252.000000 0.361353
254.000000 0.361374
256.000000 0.361432
258.000000 0.361550
260.000000 0.361756
262.000000 0.362076
264.000000 0.362535
266.000000 0.363154
268.000000 0.363950
270.000000 0.364929
272.000000 0.366095
274.000000 0.367440
276.000000 0.368952
278.000000 0.370608
280.000000 0.372386
282.000000 0.374253
284.000000 0.376179
286.000000 0.378129
288.000000 0.380069
290.000000 0.381968
292.000000 0.383797
294.000000 0.385527
296.000000 0.387139
298.000000 0.388614
300.000000 0.389938
302.000000 0.391103
304.000000 0.392104
306.000000 0.392941
308.000000 0.393614
310.000000 0.394131
312.000000 0.394498
314.000000 0.394725
316.000000 0.394822
318.000000 0.394800
320.000000 0.394672
322.000000 0.394451
324.000000 0.394147
326.000000 0.393772
328.000000 0.393338
330.000000 0.392854
332.000000 0.392332
334.000000 0.391779
336.000000 0.391204
338.000000 0.390615
340.000000 0.390017
342.000000 0.389418
344.000000 0.388821
346.000000 0.388231
348.000000 0.387652
350.000000 0.387088
352.000000 0.386541
354.000000 0.386013
356.000000 0.385505
358.000000 0.385020
360.000000 0.384557
362.000000 0.384118
364.000000 0.383702
366.000000 0.383311
368.000000 0.382942
370.000000 0.382597
372.000000 0.382275
374.000000 0.381975
376.000000 0.381695
378.000000 0.381436
380.000000 0.381197
382.000000 0.380976
384.000000 0.380772
386.000000 0.380585
388.000000 0.380414
390.000000 0.380257
392.000000 0.380114
394.000000 0.379983
396.000000 0.379864
398.000000 0.379756
400.000000 0.379658
402.000000 0.379569
404.000000 0.379489
406.000000 0.379416
408.000000 0.379351
410.000000 0.379292
412.000000 0.379239
414.000000 0.379191
416.000000 0.379148
418.000000 0.379110
420.000000 0.379076
422.000000 0.379045
424.000000 0.379017
426.000000 0.378993
428.000000 0.378971
430.000000 0.378951
432.000000 0.378934
434.000000 0.378918
436.000000 0.378904
438.000000 0.378892
440.000000 0.378881
442.000000 0.378872
444.000000 0.378863
446.000000 0.378855
448.000000 0.378848
450.000000 0.378842
452.000000 0.378837
454.000000 0.378832
456.000000 0.378828
458.000000 0.378824
460.000000 0.378821
462.000000 0.378818
464.000000 0.378816
466.000000 0.378814
468.000000 0.378812
470.000000 0.378810
472.000000 0.378808
474.000000 0.378807
476.000000 0.378806
478.000000 0.378805
480.000000 0.378804
482.000000 0.378803
484.000000 0.378802
486.000000 0.378801
488.000000 0.378801
490.000000 0.378800
492.000000 0.378800
494.000000 0.378799
496.000000 0.378799
498.000000 0.378799
500.000000 0.378798
502.000000 0.378790
504.000000 0.378751
506.000000 0.378645
508.000000 0.378429
510.000000 0.378053
512.000000 0.377468
514.000000 0.376628
516.000000 0.375494
518.000000 0.374038
520.000000 0.372244
522.000000 0.370109
524.000000 0.367644
526.000000 0.364874
528.000000 0.361835
530.000000 0.358576
532.000000 0.355150
534.000000 0.351616
536.000000 0.348037
538.000000 0.344474
540.000000 0.340986
542.000000 0.337627
544.000000 0.334446
546.000000 0.331483
548.000000 0.328771
550.000000 0.326334
552.000000 0.324190
554.000000 0.322346
556.000000 0.320804
558.000000 0.319561
560.000000 0.318606
562.000000 0.317927
564.000000 0.317505
566.000000 0.317322
568.000000 0.317357
570.000000 0.317587
572.000000 0.317990
574.000000 0.318545
576.000000 0.319230
578.000000 0.320025
580.000000 0.320910
582.000000 0.321868
584.000000 0.322881
586.000000 0.323936
588.000000 0.325017
590.000000 0.326114
592.000000 0.327215
594.000000 0.328311
596.000000 0.329394
598.000000 0.330457
600.000000 0.331494
602.000000 0.332499
604.000000 0.333470
606.000000 0.334403
608.000000 0.335295
610.000000 0.336146
612.000000 0.336953
614.000000 0.337717
616.000000 0.338437
618.000000 0.339115
620.000000 0.339749
622.000000 0.340342
624.000000 0.340895
626.000000 0.341409
628.000000 0.341885
630.000000 0.342326
632.000000 0.342733
634.000000 0.343107
636.000000 0.343451
638.000000 0.343767
640.000000 0.344056
642.000000 0.344319
644.000000 0.344560
646.000000 0.344779
648.000000 0.344978
650.000000 0.345159
652.000000 0.345322
654.000000 0.345470
656.000000 0.345604
658.000000 0.345724
660.000000 0.345833
662.000000 0.345930
664.000000 0.346018
666.000000 0.346097
668.000000 0.346168
670.000000 0.346231
672.000000 0.346288
674.000000 0.346338
676.000000 0.346384
678.000000 0.346424
680.000000 0.346460
682.000000 0.346492
684.000000 0.346521
686.000000 0.346546
688.000000 0.346569
690.000000 0.346589
692.000000 0.346607
694.000000 0.346623
696.000000 0.346637
698.000000 0.346649
700.000000 0.346661
702.000000 0.346670
704.000000 0.346679
706.000000 0.346687
708.000000 0.346693
710.000000 0.346699
712.000000 0.346705
714.000000 0.346709
716.000000 0.346714
718.000000 0.346717
720.000000 0.346721
722.000000 0.346723
724.000000 0.346726
726.000000 0.346728
728.000000 0.346730
730.000000 0.346732
732.000000 0.346734
734.000000 0.346735
736.000000 0.346736
738.000000 0.346737
740.000000 0.346738
742.000000 0.346739
744.000000 0.346740
746.000000 0.346740
748.000000 0.346741
750.000000 0.346741
752.000000 0.346742
754.000000 0.346750
756.000000 0.346790
758.000000 0.346896
760.000000 0.347112
762.000000 0.347488
764.000000 0.348073
766.000000 0.348913
768.000000 0.350047
770.000000 0.351503
772.000000 0.353297
774.000000 0.355433
776.000000 0.357898
778.000000 0.360668
780.000000 0.363706
782.000000 0.366966
784.000000 0.370392
786.000000 0.373926
788.000000 0.377505
790.000000 0.381068
792.000000 0.384556
794.000000 0.387914
796.000000 0.391095
798.000000 0.394058
800.000000 0.396771
802.000000 0.399207
804.000000 0.401352
806.000000 0.403196
808.000000 0.404738
810.000000 0.405981
812.000000 0.406935
814.000000 0.407615
816.000000 0.408036
818.000000 0.408219
820.000000 0.408185
822.000000 0.407955
824.000000 0.407551
826.000000 0.406996
828.000000 0.406311
830.000000 0.405517
832.000000 0.404632
834.000000 0.403674
836.000000 0.402661
838.000000 0.401606
840.000000 0.400524
842.000000 0.399428
844.000000 0.398326
846.000000 0.397230
848.000000 0.396147
850.000000 0.395085
852.000000 0.394048
854.000000 0.393043
856.000000 0.392072
858.000000 0.391139
860.000000 0.390247
862.000000 0.389396
864.000000 0.388589
866.000000 0.387825
868.000000 0.387104
870.000000 0.386427
872.000000 0.385793
874.000000 0.385200
876.000000 0.384647
878.000000 0.384133
880.000000 0.383657
882.000000 0.383216
884.000000 0.382809
886.000000 0.382435
888.000000 0.382091
890.000000 0.381775
892.000000 0.381486
894.000000 0.381222
896.000000 0.380982
898.000000 0.380763
900.000000 0.380564
902.000000 0.380383
904.000000 0.380220
906.000000 0.380072
908.000000 0.379938
910.000000 0.379818
912.000000 0.379709
914.000000 0.379611
916.000000 0.379524
918.000000 0.379445
920.000000 0.379374
922.000000 0.379311
924.000000 0.379254
926.000000 0.379203
928.000000 0.379158
930.000000 0.379118
932.000000 0.379082
934.000000 0.379050
936.000000 0.379021
938.000000 0.378996
940.000000 0.378973
942.000000 0.378953
944.000000 0.378935
946.000000 0.378919
948.000000 0.378905
950.000000 0.378892
952.000000 0.378881
954.000000 0.378871
956.000000 0.378863
958.000000 0.378855
960.000000 0.378848
962.000000 0.378842
964.000000 0.378837
966.000000 0.378832
968.000000 0.378828
970.000000 0.378824
972.000000 0.378821
974.000000 0.378818
976.000000 0.378816
978.000000 0.378814
980.000000 0.378812
982.000000 0.378810
984.000000 0.378808
986.000000 0.378807
988.000000 0.378806
990.000000 0.378805
992.000000 0.378804
994.000000 0.378803
996.000000 0.378802
998.000000 0.378801
1000.000000 0.378801
1002.000000 0.378792
1004.000000 0.378753
1006.000000 0.378647
1008.000000 0.378430
1010.000000 0.378054
1012.000000 0.377469
1014.000000 0.376629
1016.000000 0.375495
1018.000000 0.374039
1020.000000 0.372245
1022.000000 0.370109
