cone=2
0.000000 0.240427
2.000000 0.357652
4.000000 0.357942
6.000000 0.358245
8.000000 0.358554
10.000000 0.358851
12.000000 0.359126
14.000000 0.359378
16.000000 0.359604
18.000000 0.359807
20.000000 0.359988
22.000000 0.360149
24.000000 0.360292
26.000000 0.360418
28.000000 0.360531
30.000000 0.360630
32.000000 0.360718
34.000000 0.360796
36.000000 0.360865
38.000000 0.360926
40.000000 0.360979
42.000000 0.361027
44.000000 0.361069
46.000000 0.361107
48.000000 0.361140
50.000000 0.361169
52.000000 0.361195
54.000000 0.361217
56.000000 0.361238
58.000000 0.361255
60.000000 0.361271
62.000000 0.361285
64.000000 0.361297
66.000000 0.361308
68.000000 0.361318
70.000000 0.361326
72.000000 0.361334
74.000000 0.361341
76.000000 0.361346
78.000000 0.361352
80.000000 0.361356
82.000000 0.361360
84.000000 0.361364
86.000000 0.361367
88.000000 0.361370
90.000000 0.361372
92.000000 0.361375
94.000000 0.361377
96.000000 0.361378
98.000000 0.361380
100.000000 0.361381
102.000000 0.361382
104.000000 0.361383
106.000000 0.361384
108.000000 0.361385
110.000000 0.361386
112.000000 0.361387
114.000000 0.361387
116.000000 0.361388
118.000000 0.361388
120.000000 0.361388
122.000000 0.361389
124.000000 0.361389
126.000000 0.361389
128.000000 0.361390
130.000000 0.361390
132.000000 0.361390
134.000000 0.361390
136.000000 0.361390
138.000000 0.361390
140.000000 0.361391
142.000000 0.361391
144.000000 0.361391
146.000000 0.361391
148.000000 0.361391
150.000000 0.361391
152.000000 0.361391
154.000000 0.361391
156.000000 0.361391
158.000000 0.361391
160.000000 0.361391
162.000000 0.361391
164.000000 0.361391
166.000000 0.361391
168.000000 0.361391
170.000000 0.361391
172.000000 0.361391
174.000000 0.361391
176.000000 0.361391
178.000000 0.361391
180.000000 0.361391
182.000000 0.361391
184.000000 0.361391
186.000000 0.361391
188.000000 0.361391
190.000000 0.361391
192.000000 0.361391
194.000000 0.361391
196.000000 0.361391
198.000000 0.361391
200.000000 0.361392
202.000000 0.361392
204.000000 0.361391
206.000000 0.361392
208.000000 0.361392
210.000000 0.361392
212.000000 0.361391
214.000000 0.361391
216.000000 0.361392
218.000000 0.361392
220.000000 0.361391
222.000000 0.361391
224.000000 0.361391
226.000000 0.361391
228.000000 0.361392
230.000000 0.361391
232.000000 0.361392
234.000000 0.361391
236.000000 0.361392
238.000000 0.361391
240.000000 0.361391
242.000000 0.361392
244.000000 0.361391
246.000000 0.361392
248.000000 0.361392
250.000000 0.361392
252.000000 0.361398
254.000000 0.361430
256.000000 0.361516
258.000000 0.361690
260.000000 0.361991
262.000000 0.362454
264.000000 0.363113
266.000000 0.363997
268.000000 0.365124
270.000000 0.366503
272.000000 0.368133
274.000000 0.370003
276.000000 0.372091
278.000000 0.374367
280.000000 0.376794
282.000000 0.379331
284.000000 0.381930
286.000000 0.384548
288.000000 0.387137
290.000000 0.389655
292.000000 0.392063
294.000000 0.394328
296.000000 0.396421
298.000000 0.398321
300.000000 0.400011
302.000000 0.401483
304.000000 0.402732
306.000000 0.403758
308.000000 0.404567
310.000000 0.405168
312.000000 0.405572
314.000000 0.405793
316.000000 0.405846
318.000000 0.405746
320.000000 0.405511
322.000000 0.405157
324.000000 0.404700
326.000000 0.404155
328.000000 0.403538
330.000000 0.402861
332.000000 0.402138
334.000000 0.401381
336.000000 0.400599
338.000000 0.399802
340.000000 0.398999
342.000000 0.398196
344.000000 0.397401
346.000000 0.396619
348.000000 0.395854
350.000000 0.395110
352.000000 0.394391
354.000000 0.393699
356.000000 0.393036
358.000000 0.392403
360.000000 0.391801
362.000000 0.391231
364.000000 0.390693
366.000000 0.390187
368.000000 0.389712
370.000000 0.389268
372.000000 0.388854
374.000000 0.388469
376.000000 0.388111
378.000000 0.387780
380.000000 0.387475
382.000000 0.387194
384.000000 0.386935
386.000000 0.386697
388.000000 0.386480
390.000000 0.386282
392.000000 0.386101
394.000000 0.385936
396.000000 0.385786
398.000000 0.385650
400.000000 0.385527
402.000000 0.385415
404.000000 0.385315
406.000000 0.385224
408.000000 0.385142
410.000000 0.385069
412.000000 0.385002
414.000000 0.384943
416.000000 0.384890
418.000000 0.384842
420.000000 0.384800
422.000000 0.384762
424.000000 0.384728
426.000000 0.384697
428.000000 0.384670
430.000000 0.384646
432.000000 0.384625
434.000000 0.384605
436.000000 0.384588
438.000000 0.384573
440.000000 0.384560
442.000000 0.384548
444.000000 0.384537
446.000000 0.384528
448.000000 0.384520
450.000000 0.384512
452.000000 0.384506
454.000000 0.384500
456.000000 0.384495
458.000000 0.384490
460.000000 0.384486
462.000000 0.384483
464.000000 0.384480
466.000000 0.384477
468.000000 0.384475
470.000000 0.384473
472.000000 0.384471
474.000000 0.384469
476.000000 0.384467
478.000000 0.384466
480.000000 0.384465
482.000000 0.384464
484.000000 0.384463
486.000000 0.384462
488.000000 0.384461
490.000000 0.384461
492.000000 0.384460
494.000000 0.384460
496.000000 0.384459
498.000000 0.384459
500.000000 0.384459
502.000000 0.384444
504.000000 0.384377
506.000000 0.384196
508.000000 0.383830
510.000000 0.383198
512.000000 0.382224
514.000000 0.380837
516.000000 0.378978
518.000000 0.376608
520.000000 0.373708
522.000000 0.370278
524.000000 0.366344
526.000000 0.361950
528.000000 0.357159
530.000000 0.352050
532.000000 0.346711
534.000000 0.341237
536.000000 0.335727
538.000000 0.330275
540.000000 0.324972
542.000000 0.319900
544.000000 0.315129
546.000000 0.310719
548.000000 0.306716
550.000000 0.303153
552.000000 0.300051
554.000000 0.297418
556.000000 0.295253
558.000000 0.293545
560.000000 0.292276
562.000000 0.291422
564.000000 0.290954
566.000000 0.290840
568.000000 0.291046
570.000000 0.291538
572.000000 0.292282
574.000000 0.293242
576.000000 0.294387
578.000000 0.295686
580.000000 0.297109
582.000000 0.298631
584.000000 0.300226
586.000000 0.301872
588.000000 0.303549
590.000000 0.305241
592.000000 0.306930
594.000000 0.308604
596.000000 0.310252
598.000000 0.311863
600.000000 0.313429
602.000000 0.314944
604.000000 0.316402
606.000000 0.317799
608.000000 0.319132
610.000000 0.320400
612.000000 0.321600
614.000000 0.322734
616.000000 0.323800
618.000000 0.324801
620.000000 0.325737
622.000000 0.326609
624.000000 0.327421
626.000000 0.328175
628.000000 0.328872
630.000000 0.329516
632.000000 0.330109
634.000000 0.330654
636.000000 0.331155
638.000000 0.331613
640.000000 0.332031
642.000000 0.332413
644.000000 0.332760
646.000000 0.333076
648.000000 0.333363
650.000000 0.333622
652.000000 0.333857
654.000000 0.334070
656.000000 0.334261
658.000000 0.334433
660.000000 0.334588
662.000000 0.334728
664.000000 0.334853
666.000000 0.334965
668.000000 0.335065
670.000000 0.335155
672.000000 0.335236
674.000000 0.335307
676.000000 0.335372
678.000000 0.335429
680.000000 0.335479
682.000000 0.335525
684.000000 0.335565
686.000000 0.335601
688.000000 0.335633
690.000000 0.335661
692.000000 0.335686
694.000000 0.335709
696.000000 0.335728
698.000000 0.335746
700.000000 0.335762
702.000000 0.335775
704.000000 0.335788
706.000000 0.335798
708.000000 0.335808
710.000000 0.335816
712.000000 0.335823
714.000000 0.335830
716.000000 0.335836
718.000000 0.335841
720.000000 0.335845
722.000000 0.335849
724.000000 0.335853
726.000000 0.335856
728.000000 0.335859
730.000000 0.335861
732.000000 0.335863
734.000000 0.335865
736.000000 0.335867
738.000000 0.335869
740.000000 0.335870
742.000000 0.335871
744.000000 0.335872
746.000000 0.335873
748.000000 0.335874
750.000000 0.335874
752.000000 0.335875
754.000000 0.335890
756.000000 0.335957
758.000000 0.336138
760.000000 0.336505
762.000000 0.337137
764.000000 0.338111
766.000000 0.339498
768.000000 0.341357
770.000000 0.343727
772.000000 0.346628
774.000000 0.350058
776.000000 0.353992
778.000000 0.358386
780.000000 0.363177
782.000000 0.368286
784.000000 0.373625
786.000000 0.379098
788.000000 0.384609
790.000000 0.390061
792.000000 0.395364
794.000000 0.400436
796.000000 0.405207
798.000000 0.409617
800.000000 0.413620
802.000000 0.417183
804.000000 0.420285
806.000000 0.422918
808.000000 0.425083
810.000000 0.426791
812.000000 0.428060
814.000000 0.428914
816.000000 0.429383
818.000000 0.429496
820.000000 0.429290
822.000000 0.428798
824.000000 0.428054
826.000000 0.427094
828.000000 0.425949
830.000000 0.424650
832.000000 0.423227
834.000000 0.421705
836.000000 0.420111
838.000000 0.418464
840.000000 0.416787
842.000000 0.415096
844.000000 0.413406
846.000000 0.411732
848.000000 0.410084
850.000000 0.408473
852.000000 0.406907
854.000000 0.405392
856.000000 0.403934
858.000000 0.402537
860.000000 0.401204
862.000000 0.399936
864.000000 0.398736
866.000000 0.397602
868.000000 0.396536
870.000000 0.395535
872.000000 0.394599
874.000000 0.393727
876.000000 0.392915
878.000000 0.392161
880.000000 0.391464
882.000000 0.390820
884.000000 0.390227
886.000000 0.389682
888.000000 0.389182
890.000000 0.388724
892.000000 0.388305
894.000000 0.387923
896.000000 0.387576
898.000000 0.387260
900.000000 0.386973
902.000000 0.386714
904.000000 0.386479
906.000000 0.386267
908.000000 0.386075
910.000000 0.385903
912.000000 0.385748
914.000000 0.385608
916.000000 0.385483
918.000000 0.385371
920.000000 0.385271
922.000000 0.385181
924.000000 0.385100
926.000000 0.385029
928.000000 0.384965
930.000000 0.384908
932.000000 0.384857
934.000000 0.384811
936.000000 0.384771
938.000000 0.384735
940.000000 0.384703
942.000000 0.384675
944.000000 0.384650
946.000000 0.384627
948.000000 0.384608
950.000000 0.384590
952.000000 0.384575
954.000000 0.384561
956.000000 0.384549
958.000000 0.384538
960.000000 0.384528
962.000000 0.384520
964.000000 0.384513
966.000000 0.384506
968.000000 0.384500
970.000000 0.384495
972.000000 0.384491
974.000000 0.384487
976.000000 0.384483
978.000000 0.384480
980.000000 0.384477
982.000000 0.384475
984.000000 0.384473
986.000000 0.384471
988.000000 0.384469
990.000000 0.384468
992.000000 0.384466
994.000000 0.384465
996.000000 0.384464
998.000000 0.384463
1000.000000 0.384462
1002.000000 0.384448
1004.000000 0.384380
1006.000000 0.384199
1008.000000 0.383832
1010.000000 0.383200
1012.000000 0.382226
1014.000000 0.380838
1016.000000 0.378980
1018.000000 0.376610
1020.000000 0.373709
1022.000000 0.370279
