null
0.000000 0.590217
2.000000 0.559569
4.000000 0.559579
6.000000 0.559810
8.000000 0.560133
10.000000 0.560488
12.000000 0.560842
14.000000 0.561178
16.000000 0.561488
18.000000 0.561770
20.000000 0.562025
22.000000 0.562253
24.000000 0.562456
26.000000 0.562638
28.000000 0.562799
30.000000 0.562942
32.000000 0.563068
34.000000 0.563181
36.000000 0.563281
38.000000 0.563369
40.000000 0.563447
42.000000 0.563516
44.000000 0.563577
46.000000 0.563631
48.000000 0.563679
50.000000 0.563721
52.000000 0.563759
54.000000 0.563792
56.000000 0.563821
58.000000 0.563847
60.000000 0.563870
62.000000 0.563891
64.000000 0.563908
66.000000 0.563924
68.000000 0.563938
70.000000 0.563951
72.000000 0.563962
74.000000 0.563971
76.000000 0.563980
78.000000 0.563988
80.000000 0.563994
82.000000 0.564000
84.000000 0.564006
86.000000 0.564010
88.000000 0.564014
90.000000 0.564018
92.000000 0.564021
94.000000 0.564024
96.000000 0.564026
98.000000 0.564029
100.000000 0.564031
102.000000 0.564033
104.000000 0.564034
106.000000 0.564035
108.000000 0.564036
110.000000 0.564038
112.000000 0.564038
114.000000 0.564039
116.000000 0.564040
118.000000 0.564041
120.000000 0.564041
122.000000 0.564042
124.000000 0.564042
126.000000 0.564043
128.000000 0.564043
130.000000 0.564043
132.000000 0.564043
134.000000 0.564044
136.000000 0.564044
138.000000 0.564044
140.000000 0.564044
142.000000 0.564044
144.000000 0.564044
146.000000 0.564045
148.000000 0.564045
150.000000 0.564045
152.000000 0.564045
154.000000 0.564045
156.000000 0.564045
158.000000 0.564045
160.000000 0.564045
162.000000 0.564045
164.000000 0.564045
166.000000 0.564045
168.000000 0.564045
170.000000 0.564045
172.000000 0.564045
174.000000 0.564045
176.000000 0.564045
178.000000 0.564045
180.000000 0.564045
182.000000 0.564045
184.000000 0.564045
186.000000 0.564045
188.000000 0.564045
190.000000 0.564046
192.000000 0.564046
194.000000 0.564045
196.000000 0.564045
198.000000 0.564045
200.000000 0.564045
202.000000 0.564046
204.000000 0.564045
206.000000 0.564045
208.000000 0.564045
210.000000 0.564045
212.000000 0.564045
214.000000 0.564046
216.000000 0.564045
218.000000 0.564045
220.000000 0.564046
222.000000 0.564045
224.000000 0.564045
226.000000 0.564046
228.000000 0.564046
230.000000 0.564045
232.000000 0.564046
234.000000 0.564046
236.000000 0.564046
238.000000 0.564045
240.000000 0.564046
242.000000 0.564045
244.000000 0.564046
246.000000 0.564046
248.000000 0.564045
250.000000 0.564046
252.000000 0.564046
254.000000 0.564045
256.000000 0.564045
258.000000 0.564045
260.000000 0.564046
262.000000 0.564046
264.000000 0.564045
266.000000 0.564045
268.000000 0.564046
270.000000 0.564045
272.000000 0.564045
274.000000 0.564046
276.000000 0.564046
278.000000 0.564045
280.000000 0.564046
282.000000 0.564045
284.000000 0.564045
286.000000 0.564045
288.000000 0.564045
290.000000 0.564046
292.000000 0.564046
294.000000 0.564046
296.000000 0.564045
298.000000 0.564046
300.000000 0.564045
302.000000 0.564090
304.000000 0.564303
306.000000 0.564864
308.000000 0.565986
310.000000 0.567888
312.000000 0.570777
314.000000 0.574825
316.000000 0.580158
318.000000 0.586845
320.000000 0.594890
322.000000 0.604236
324.000000 0.614761
326.000000 0.626296
328.000000 0.638624
330.000000 0.651499
332.000000 0.664659
334.000000 0.677834
336.000000 0.690762
338.000000 0.703202
340.000000 0.714937
342.000000 0.725782
344.000000 0.735593
346.000000 0.744262
348.000000 0.751719
350.000000 0.757933
352.000000 0.762905
354.000000 0.766664
356.000000 0.769264
358.000000 0.770778
360.000000 0.771291
362.000000 0.770901
364.000000 0.769708
366.000000 0.767815
368.000000 0.765324
370.000000 0.762332
372.000000 0.758931
374.000000 0.755208
376.000000 0.751242
378.000000 0.747102
380.000000 0.742853
382.000000 0.738550
384.000000 0.734241
386.000000 0.729968
388.000000 0.725765
390.000000 0.721662
392.000000 0.717682
394.000000 0.713845
396.000000 0.710164
398.000000 0.706652
400.000000 0.703316
402.000000 0.700160
404.000000 0.697187
406.000000 0.694397
408.000000 0.691788
410.000000 0.689356
412.000000 0.687097
414.000000 0.685005
416.000000 0.683075
418.000000 0.681298
420.000000 0.679667
422.000000 0.678174
424.000000 0.676812
426.000000 0.675572
428.000000 0.674446
430.000000 0.673426
432.000000 0.672504
434.000000 0.671673
436.000000 0.670926
438.000000 0.670255
440.000000 0.669654
442.000000 0.669117
444.000000 0.668638
446.000000 0.668212
448.000000 0.667834
450.000000 0.667498
452.000000 0.667201
454.000000 0.666938
456.000000 0.666706
458.000000 0.666502
460.000000 0.666323
462.000000 0.666165
464.000000 0.666027
466.000000 0.665906
468.000000 0.665800
470.000000 0.665707
472.000000 0.665626
474.000000 0.665556
476.000000 0.665494
478.000000 0.665441
480.000000 0.665394
482.000000 0.665354
484.000000 0.665319
486.000000 0.665288
488.000000 0.665262
490.000000 0.665239
492.000000 0.665219
494.000000 0.665201
496.000000 0.665186
498.000000 0.665173
500.000000 0.665162
502.000000 0.665153
504.000000 0.665145
506.000000 0.665138
508.000000 0.665132
510.000000 0.665126
512.000000 0.665122
514.000000 0.665118
516.000000 0.665115
518.000000 0.665112
520.000000 0.665109
522.000000 0.665107
524.000000 0.665105
526.000000 0.665103
528.000000 0.665102
530.000000 0.665100
532.000000 0.665099
534.000000 0.665098
536.000000 0.665097
538.000000 0.665097
540.000000 0.665096
542.000000 0.665096
544.000000 0.665095
546.000000 0.665094
548.000000 0.665094
550.000000 0.665094
552.000000 0.665049
554.000000 0.664836
556.000000 0.664274
558.000000 0.663152
560.000000 0.661250
562.000000 0.658361
564.000000 0.654313
566.000000 0.648979
568.000000 0.642293
570.000000 0.634247
572.000000 0.624902
574.000000 0.614376
576.000000 0.602842
578.000000 0.590514
580.000000 0.577638
582.000000 0.564479
584.000000 0.551304
586.000000 0.538375
588.000000 0.525935
590.000000 0.514201
592.000000 0.503355
594.000000 0.493544
596.000000 0.484876
598.000000 0.477418
600.000000 0.471204
602.000000 0.466232
604.000000 0.462473
606.000000 0.459873
608.000000 0.458359
610.000000 0.457846
612.000000 0.458236
614.000000 0.459429
616.000000 0.461322
618.000000 0.463813
620.000000 0.466806
622.000000 0.470206
624.000000 0.473929
626.000000 0.477895
628.000000 0.482035
630.000000 0.486284
632.000000 0.490587
634.000000 0.494896
636.000000 0.499169
638.000000 0.503372
640.000000 0.507475
642.000000 0.511455
644.000000 0.515292
646.000000 0.518973
648.000000 0.522485
650.000000 0.525821
652.000000 0.528977
654.000000 0.531950
656.000000 0.534740
658.000000 0.537350
660.000000 0.539781
662.000000 0.542040
664.000000 0.544132
666.000000 0.546062
668.000000 0.547839
670.000000 0.549470
672.000000 0.550962
674.000000 0.552325
676.000000 0.553565
678.000000 0.554691
680.000000 0.555711
682.000000 0.556633
684.000000 0.557464
686.000000 0.558211
688.000000 0.558882
690.000000 0.559483
692.000000 0.560020
694.000000 0.560499
696.000000 0.560925
698.000000 0.561303
700.000000 0.561639
702.000000 0.561936
704.000000 0.562199
706.000000 0.562431
708.000000 0.562635
710.000000 0.562814
712.000000 0.562972
714.000000 0.563110
716.000000 0.563232
718.000000 0.563337
720.000000 0.563430
722.000000 0.563511
724.000000 0.563581
726.000000 0.563643
728.000000 0.563696
730.000000 0.563743
732.000000 0.563783
734.000000 0.563818
736.000000 0.563849
738.000000 0.563875
740.000000 0.563898
742.000000 0.563918
744.000000 0.563936
746.000000 0.563950
748.000000 0.563964
750.000000 0.563974
752.000000 0.563984
754.000000 0.563992
756.000000 0.563999
758.000000 0.564005
760.000000 0.564011
762.000000 0.564015
764.000000 0.564019
766.000000 0.564022
768.000000 0.564025
770.000000 0.564028
772.000000 0.564030
774.000000 0.564032
776.000000 0.564034
778.000000 0.564035
780.000000 0.564036
782.000000 0.564037
784.000000 0.564039
786.000000 0.564039
788.000000 0.564040
790.000000 0.564041
792.000000 0.564041
794.000000 0.564042
796.000000 0.564042
798.000000 0.564043
800.000000 0.564043
802.000000 0.564043
804.000000 0.564044
806.000000 0.564044
808.000000 0.564044
810.000000 0.564044
812.000000 0.564044
814.000000 0.564044
816.000000 0.564045
818.000000 0.564045
820.000000 0.564045
822.000000 0.564045
824.000000 0.564045
826.000000 0.564045
828.000000 0.564045
830.000000 0.564045
832.000000 0.564045
834.000000 0.564045
836.000000 0.564045
838.000000 0.564045
840.000000 0.564045
842.000000 0.564045
844.000000 0.564045
846.000000 0.564045
848.000000 0.564045
850.000000 0.564045
852.000000 0.564045
854.000000 0.564045
856.000000 0.564045
858.000000 0.564045
860.000000 0.564045
862.000000 0.564045
864.000000 0.564045
866.000000 0.564046
868.000000 0.564046
870.000000 0.564046
872.000000 0.564045
874.000000 0.564045
876.000000 0.564046
878.000000 0.564045
880.000000 0.564046
882.000000 0.564046
884.000000 0.564046
886.000000 0.564046
888.000000 0.564046
890.000000 0.564046
892.000000 0.564046
894.000000 0.564046
896.000000 0.564045
898.000000 0.564046
900.000000 0.564045
902.000000 0.564045
904.000000 0.564045
906.000000 0.564045
908.000000 0.564045
910.000000 0.564046
912.000000 0.564046
914.000000 0.564046
916.000000 0.564046
918.000000 0.564046
920.000000 0.564045
922.000000 0.564046
924.000000 0.564046
926.000000 0.564046
928.000000 0.564046
930.000000 0.564046
932.000000 0.564046
934.000000 0.564046
936.000000 0.564046
938.000000 0.564046
940.000000 0.564045
942.000000 0.564045
944.000000 0.564045
946.000000 0.564045
948.000000 0.564045
950.000000 0.564046
952.000000 0.564046
954.000000 0.564046
956.000000 0.564046
958.000000 0.564045
960.000000 0.564046
962.000000 0.564045
964.000000 0.564045
966.000000 0.564045
968.000000 0.564046
970.000000 0.564046
972.000000 0.564046
974.000000 0.564045
976.000000 0.564046
978.000000 0.564046
980.000000 0.564046
982.000000 0.564045
984.000000 0.564045
986.000000 0.564045
988.000000 0.564046
990.000000 0.564045
992.000000 0.564045
994.000000 0.564046
996.000000 0.564046
998.000000 0.564045
1000.000000 0.564046
1002.000000 0.564045
1004.000000 0.564045
1006.000000 0.564045
1008.000000 0.564045
1010.000000 0.564046
1012.000000 0.564045
1014.000000 0.564046
1016.000000 0.564046
1018.000000 0.564045
1020.000000 0.564046
1022.000000 0.564046
