cone=1
0.000000 0.373315
2.000000 0.361123
4.000000 0.361308
6.000000 0.361549
8.000000 0.361804
10.000000 0.362053
12.000000 0.362287
14.000000 0.362501
16.000000 0.362696
18.000000 0.362870
20.000000 0.363026
22.000000 0.363166
24.000000 0.363289
26.000000 0.363399
28.000000 0.363496
30.000000 0.363583
32.000000 0.363659
34.000000 0.363727
36.000000 0.363787
38.000000 0.363840
40.000000 0.363886
42.000000 0.363928
44.000000 0.363965
46.000000 0.363997
48.000000 0.364026
50.000000 0.364051
52.000000 0.364074
54.000000 0.364094
56.000000 0.364111
58.000000 0.364127
60.000000 0.364140
62.000000 0.364153
64.000000 0.364163
66.000000 0.364173
68.000000 0.364181
70.000000 0.364189
72.000000 0.364195
74.000000 0.364201
76.000000 0.364206
78.000000 0.364211
80.000000 0.364215
82.000000 0.364218
84.000000 0.364221
86.000000 0.364224
88.000000 0.364227
90.000000 0.364229
92.000000 0.364231
94.000000 0.364232
96.000000 0.364234
98.000000 0.364235
100.000000 0.364236
102.000000 0.364237
104.000000 0.364238
106.000000 0.364239
108.000000 0.364240
110.000000 0.364240
112.000000 0.364241
114.000000 0.364241
116.000000 0.364242
118.000000 0.364242
120.000000 0.364243
122.000000 0.364243
124.000000 0.364243
126.000000 0.364243
128.000000 0.364244
130.000000 0.364244
132.000000 0.364244
134.000000 0.364244
136.000000 0.364244
138.000000 0.364244
140.000000 0.364244
142.000000 0.364245
144.000000 0.364245
146.000000 0.364245
148.000000 0.364245
150.000000 0.364245
152.000000 0.364245
154.000000 0.364245
156.000000 0.364245
158.000000 0.364245
160.000000 0.364245
162.000000 0.364245
164.000000 0.364245
166.000000 0.364245
168.000000 0.364245
170.000000 0.364245
172.000000 0.364245
174.000000 0.364245
176.000000 0.364245
178.000000 0.364245
180.000000 0.364245
182.000000 0.364245
184.000000 0.364245
186.000000 0.364245
188.000000 0.364245
190.000000 0.364245
192.000000 0.364245
194.000000 0.364245
196.000000 0.364245
198.000000 0.364245
200.000000 0.364245
202.000000 0.364245
204.000000 0.364245
206.000000 0.364245
208.000000 0.364245
210.000000 0.364245
212.000000 0.364245
214.000000 0.364245
216.000000 0.364245
218.000000 0.364245
220.000000 0.364245
222.000000 0.364245
224.000000 0.364245
226.000000 0.364245
228.000000 0.364245
230.000000 0.364245
232.000000 0.364245
234.000000 0.364245
236.000000 0.364245
238.000000 0.364245
240.000000 0.364245
242.000000 0.364245
244.000000 0.364245
246.000000 0.364245
248.000000 0.364245
250.000000 0.364245
252.000000 0.364245
254.000000 0.364242
256.000000 0.364236
258.000000 0.364224
260.000000 0.364202
262.000000 0.364168
264.000000 0.364120
266.000000 0.364055
268.000000 0.363973
270.000000 0.363872
272.000000 0.363752
274.000000 0.363615
276.000000 0.363461
278.000000 0.363293
280.000000 0.363114
282.000000 0.362926
284.000000 0.362733
286.000000 0.362539
288.000000 0.362346
290.000000 0.362158
292.000000 0.361978
294.000000 0.361808
296.000000 0.361650
298.000000 0.361507
300.000000 0.361379
302.000000 0.361267
304.000000 0.361172
306.000000 0.361093
308.000000 0.361031
310.000000 0.360984
312.000000 0.360951
314.000000 0.360933
316.000000 0.360927
318.000000 0.360932
320.000000 0.360948
322.000000 0.360973
324.000000 0.361005
326.000000 0.361045
328.000000 0.361090
330.000000 0.361139
332.000000 0.361192
334.000000 0.361248
336.000000 0.361306
338.000000 0.361365
340.000000 0.361425
342.000000 0.361485
344.000000 0.361544
346.000000 0.361602
348.000000 0.361660
350.000000 0.361715
352.000000 0.361769
354.000000 0.361821
356.000000 0.361871
358.000000 0.361918
360.000000 0.361963
362.000000 0.362006
364.000000 0.362047
366.000000 0.362085
368.000000 0.362121
370.000000 0.362154
372.000000 0.362186
374.000000 0.362215
376.000000 0.362242
378.000000 0.362267
380.000000 0.362290
382.000000 0.362311
384.000000 0.362331
386.000000 0.362349
388.000000 0.362366
390.000000 0.362381
392.000000 0.362395
394.000000 0.362407
396.000000 0.362418
398.000000 0.362429
400.000000 0.362438
402.000000 0.362447
404.000000 0.362454
406.000000 0.362461
408.000000 0.362468
410.000000 0.362473
412.000000 0.362478
414.000000 0.362483
416.000000 0.362487
418.000000 0.362491
420.000000 0.362494
422.000000 0.362497
424.000000 0.362499
426.000000 0.362502
428.000000 0.362504
430.000000 0.362506
432.000000 0.362507
434.000000 0.362509
436.000000 0.362510
438.000000 0.362511
440.000000 0.362512
442.000000 0.362513
444.000000 0.362514
446.000000 0.362515
448.000000 0.362515
450.000000 0.362516
452.000000 0.362516
454.000000 0.362517
456.000000 0.362517
458.000000 0.362518
460.000000 0.362518
462.000000 0.362518
464.000000 0.362519
466.000000 0.362519
468.000000 0.362519
470.000000 0.362519
472.000000 0.362519
474.000000 0.362519
476.000000 0.362519
478.000000 0.362520
480.000000 0.362520
482.000000 0.362520
484.000000 0.362520
486.000000 0.362520
488.000000 0.362520
490.000000 0.362520
492.000000 0.362520
494.000000 0.362520
496.000000 0.362520
498.000000 0.362520
500.000000 0.362520
502.000000 0.362520
504.000000 0.362521
506.000000 0.362523
508.000000 0.362528
510.000000 0.362536
512.000000 0.362548
514.000000 0.362565
516.000000 0.362588
518.000000 0.362617
520.000000 0.362653
522.000000 0.362695
524.000000 0.362744
526.000000 0.362798
528.000000 0.362857
530.000000 0.362920
532.000000 0.362986
534.000000 0.363054
536.000000 0.363123
538.000000 0.363190
540.000000 0.363256
542.000000 0.363319
544.000000 0.363379
546.000000 0.363434
548.000000 0.363484
550.000000 0.363528
552.000000 0.363567
554.000000 0.363600
556.000000 0.363628
558.000000 0.363649
560.000000 0.363665
562.000000 0.363676
564.000000 0.363683
566.000000 0.363684
568.000000 0.363682
570.000000 0.363676
572.000000 0.363667
574.000000 0.363656
576.000000 0.363642
578.000000 0.363626
580.000000 0.363608
582.000000 0.363590
584.000000 0.363570
586.000000 0.363549
588.000000 0.363529
590.000000 0.363508
592.000000 0.363487
594.000000 0.363466
596.000000 0.363446
598.000000 0.363425
600.000000 0.363406
602.000000 0.363387
604.000000 0.363369
606.000000 0.363351
608.000000 0.363335
610.000000 0.363319
612.000000 0.363304
614.000000 0.363290
616.000000 0.363277
618.000000 0.363264
620.000000 0.363252
622.000000 0.363241
624.000000 0.363231
626.000000 0.363222
628.000000 0.363213
630.000000 0.363205
632.000000 0.363198
634.000000 0.363191
636.000000 0.363184
638.000000 0.363179
640.000000 0.363173
642.000000 0.363169
644.000000 0.363164
646.000000 0.363160
648.000000 0.363157
650.000000 0.363153
652.000000 0.363150
654.000000 0.363148
656.000000 0.363145
658.000000 0.363143
660.000000 0.363141
662.000000 0.363139
664.000000 0.363138
666.000000 0.363136
668.000000 0.363135
670.000000 0.363134
672.000000 0.363133
674.000000 0.363132
676.000000 0.363131
678.000000 0.363131
680.000000 0.363130
682.000000 0.363129
684.000000 0.363129
686.000000 0.363128
688.000000 0.363128
690.000000 0.363128
692.000000 0.363127
694.000000 0.363127
696.000000 0.363127
698.000000 0.363127
700.000000 0.363126
702.000000 0.363126
704.000000 0.363126
706.000000 0.363126
708.000000 0.363126
710.000000 0.363126
712.000000 0.363126
714.000000 0.363125
716.000000 0.363125
718.000000 0.363125
720.000000 0.363125
722.000000 0.363125
724.000000 0.363125
726.000000 0.363125
728.000000 0.363125
730.000000 0.363125
732.000000 0.363125
734.000000 0.363125
736.000000 0.363125
738.000000 0.363125
740.000000 0.363125
742.000000 0.363125
744.000000 0.363125
746.000000 0.363125
748.000000 0.363125
750.000000 0.363125
752.000000 0.363125
754.000000 0.363125
756.000000 0.363124
758.000000 0.363122
760.000000 0.363117
762.000000 0.363109
764.000000 0.363097
766.000000 0.363080
768.000000 0.363057
770.000000 0.363028
772.000000 0.362992
774.000000 0.362950
776.000000 0.362902
778.000000 0.362847
780.000000 0.362788
782.000000 0.362725
784.000000 0.362659
786.000000 0.362591
788.000000 0.362522
790.000000 0.362455
792.000000 0.362389
794.000000 0.362326
796.000000 0.362266
798.000000 0.362211
800.000000 0.362161
802.000000 0.362117
804.000000 0.362078
806.000000 0.362045
808.000000 0.362017
810.000000 0.361996
812.000000 0.361980
814.000000 0.361969
816.000000 0.361963
818.000000 0.361961
820.000000 0.361963
822.000000 0.361969
824.000000 0.361978
826.000000 0.361989
828.000000 0.362003
830.000000 0.362019
832.000000 0.362037
834.000000 0.362056
836.000000 0.362075
838.000000 0.362096
840.000000 0.362116
842.000000 0.362137
844.000000 0.362158
846.000000 0.362179
848.000000 0.362200
850.000000 0.362220
852.000000 0.362239
854.000000 0.362258
856.000000 0.362276
858.000000 0.362294
860.000000 0.362310
862.000000 0.362326
864.000000 0.362341
866.000000 0.362355
868.000000 0.362369
870.000000 0.362381
872.000000 0.362393
874.000000 0.362404
876.000000 0.362414
878.000000 0.362423
880.000000 0.362432
882.000000 0.362440
884.000000 0.362448
886.000000 0.362454
888.000000 0.362461
890.000000 0.362466
892.000000 0.362472
894.000000 0.362477
896.000000 0.362481
898.000000 0.362485
900.000000 0.362488
902.000000 0.362492
904.000000 0.362495
906.000000 0.362497
908.000000 0.362500
910.000000 0.362502
912.000000 0.362504
914.000000 0.362506
916.000000 0.362507
918.000000 0.362509
920.000000 0.362510
922.000000 0.362511
924.000000 0.362512
926.000000 0.362513
928.000000 0.362514
930.000000 0.362514
932.000000 0.362515
934.000000 0.362516
936.000000 0.362516
938.000000 0.362517
940.000000 0.362517
942.000000 0.362518
944.000000 0.362518
946.000000 0.362518
948.000000 0.362518
950.000000 0.362519
952.000000 0.362519
954.000000 0.362519
956.000000 0.362519
958.000000 0.362519
960.000000 0.362519
962.000000 0.362520
964.000000 0.362520
966.000000 0.362520
968.000000 0.362520
970.000000 0.362520
972.000000 0.362520
974.000000 0.362520
976.000000 0.362520
978.000000 0.362520
980.000000 0.362520
982.000000 0.362520
984.000000 0.362520
986.000000 0.362520
988.000000 0.362520
990.000000 0.362520
992.000000 0.362520
994.000000 0.362520
996.000000 0.362520
998.000000 0.362520
1000.000000 0.362520
1002.000000 0.362520
1004.000000 0.362521
1006.000000 0.362523
1008.000000 0.362528
1010.000000 0.362536
1012.000000 0.362548
1014.000000 0.362565
1016.000000 0.362588
1018.000000 0.362617
1020.000000 0.362653
1022.000000 0.362695
