cone=3
0.000000 0.256324
2.000000 0.352844
4.000000 0.350757
6.000000 0.349101
8.000000 0.347788
10.000000 0.346739
12.000000 0.345894
14.000000 0.345213
16.000000 0.344661
18.000000 0.344213
20.000000 0.343850
22.000000 0.343554
24.000000 0.343315
26.000000 0.343120
28.000000 0.342961
30.000000 0.342832
32.000000 0.342728
34.000000 0.342642
36.000000 0.342573
38.000000 0.342517
40.000000 0.342471
42.000000 0.342434
44.000000 0.342403
46.000000 0.342379
48.000000 0.342359
50.000000 0.342342
52.000000 0.342329
54.000000 0.342318
56.000000 0.342310
58.000000 0.342303
60.000000 0.342297
62.000000 0.342292
64.000000 0.342288
66.000000 0.342285
68.000000 0.342282
70.000000 0.342280
72.000000 0.342279
74.000000 0.342277
76.000000 0.342276
78.000000 0.342275
80.000000 0.342275
82.000000 0.342274
84.000000 0.342273
86.000000 0.342273
88.000000 0.342273
90.000000 0.342272
92.000000 0.342272
94.000000 0.342272
96.000000 0.342272
98.000000 0.342272
100.000000 0.342272
102.000000 0.342272
104.000000 0.342272
106.000000 0.342271
108.000000 0.342271
110.000000 0.342271
112.000000 0.342271
114.000000 0.342271
116.000000 0.342271
118.000000 0.342271
120.000000 0.342271
122.000000 0.342271
124.000000 0.342271
126.000000 0.342271
128.000000 0.342271
130.000000 0.342271
132.000000 0.342271
134.000000 0.342271
136.000000 0.342271
138.000000 0.342271
140.000000 0.342271
142.000000 0.342271
144.000000 0.342271
146.000000 0.342271
148.000000 0.342271
150.000000 0.342271
152.000000 0.342271
154.000000 0.342271
156.000000 0.342271
158.000000 0.342271
160.000000 0.342271
162.000000 0.342271
164.000000 0.342271
166.000000 0.342271
168.000000 0.342271
170.000000 0.342271
172.000000 0.342271
174.000000 0.342271
176.000000 0.342271
178.000000 0.342271
180.000000 0.342271
182.000000 0.342271
184.000000 0.342271
186.000000 0.342271
188.000000 0.342271
190.000000 0.342271
192.000000 0.342271
194.000000 0.342271
196.000000 0.342271
198.000000 0.342271
200.000000 0.342271
202.000000 0.342271
204.000000 0.342271
206.000000 0.342271
208.000000 0.342271
210.000000 0.342271
212.000000 0.342271
214.000000 0.342271
216.000000 0.342271
218.000000 0.342271
220.000000 0.342271
222.000000 0.342271
224.000000 0.342271
226.000000 0.342271
228.000000 0.342271
230.000000 0.342271
232.000000 0.342271
234.000000 0.342271
236.000000 0.342271
238.000000 0.342271
240.000000 0.342271
242.000000 0.342271
244.000000 0.342271
246.000000 0.342271
248.000000 0.342271
250.000000 0.342271
252.000000 0.342277
254.000000 0.342306
256.000000 0.342383
258.000000 0.342536
260.000000 0.342798
262.000000 0.343198
264.000000 0.343761
266.000000 0.344507
268.000000 0.345446
270.000000 0.346582
272.000000 0.347907
274.000000 0.349405
276.000000 0.351055
278.000000 0.352824
280.000000 0.354679
282.000000 0.356582
284.000000 0.358494
286.000000 0.360377
288.000000 0.362194
290.000000 0.363913
292.000000 0.365507
294.000000 0.366953
296.000000 0.368233
298.000000 0.369338
300.000000 0.370260
302.000000 0.371000
304.000000 0.371560
306.000000 0.371947
308.000000 0.372173
310.000000 0.372249
312.000000 0.372189
314.000000 0.372009
316.000000 0.371724
318.000000 0.371348
320.000000 0.370897
322.000000 0.370384
324.000000 0.369823
326.000000 0.369226
328.000000 0.368603
330.000000 0.367965
332.000000 0.367319
334.000000 0.366673
336.000000 0.366033
338.000000 0.365405
340.000000 0.364793
342.000000 0.364200
344.000000 0.363630
346.000000 0.363084
348.000000 0.362565
350.000000 0.362073
352.000000 0.361609
354.000000 0.361173
356.000000 0.360765
358.000000 0.360384
360.000000 0.360031
362.000000 0.359704
364.000000 0.359402
366.000000 0.359125
368.000000 0.358870
370.000000 0.358638
372.000000 0.358426
374.000000 0.358233
376.000000 0.358059
378.000000 0.357901
380.000000 0.357759
382.000000 0.357631
384.000000 0.357517
386.000000 0.357415
388.000000 0.357323
390.000000 0.357242
392.000000 0.357170
394.000000 0.357107
396.000000 0.357051
398.000000 0.357001
400.000000 0.356957
402.000000 0.356919
404.000000 0.356886
406.000000 0.356857
408.000000 0.356832
410.000000 0.356810
412.000000 0.356791
414.000000 0.356774
416.000000 0.356760
418.000000 0.356748
420.000000 0.356737
422.000000 0.356728
424.000000 0.356720
426.000000 0.356714
428.000000 0.356708
430.000000 0.356703
432.000000 0.356699
434.000000 0.356696
436.000000 0.356693
438.000000 0.356690
440.000000 0.356688
442.000000 0.356686
444.000000 0.356685
446.000000 0.356684
448.000000 0.356682
450.000000 0.356682
452.000000 0.356681
454.000000 0.356680
456.000000 0.356680
458.000000 0.356679
460.000000 0.356679
462.000000 0.356679
464.000000 0.356679
466.000000 0.356679
468.000000 0.356678
470.000000 0.356678
472.000000 0.356678
474.000000 0.356678
476.000000 0.356678
478.000000 0.356678
480.000000 0.356678
482.000000 0.356678
484.000000 0.356678
486.000000 0.356678
488.000000 0.356678
490.000000 0.356678
492.000000 0.356678
494.000000 0.356678
496.000000 0.356678
498.000000 0.356678
500.000000 0.356678
502.000000 0.356667
504.000000 0.356615
506.000000 0.356478
508.000000 0.356202
510.000000 0.355731
512.000000 0.355011
514.000000 0.353996
516.000000 0.352651
518.000000 0.350955
520.000000 0.348904
522.000000 0.346510
524.000000 0.343800
526.000000 0.340817
528.000000 0.337614
530.000000 0.334256
532.000000 0.330809
534.000000 0.327344
536.000000 0.323932
538.000000 0.320636
540.000000 0.317516
542.000000 0.314623
544.000000 0.311997
546.000000 0.309669
548.000000 0.307660
550.000000 0.305981
552.000000 0.304633
554.000000 0.303610
556.000000 0.302900
558.000000 0.302484
560.000000 0.302340
562.000000 0.302442
564.000000 0.302763
566.000000 0.303276
568.000000 0.303953
570.000000 0.304767
572.000000 0.305693
574.000000 0.306707
576.000000 0.307788
578.000000 0.308916
580.000000 0.310072
582.000000 0.311243
584.000000 0.312414
586.000000 0.313574
588.000000 0.314712
590.000000 0.315823
592.000000 0.316897
594.000000 0.317932
596.000000 0.318922
598.000000 0.319864
600.000000 0.320757
602.000000 0.321600
604.000000 0.322391
606.000000 0.323132
608.000000 0.323823
610.000000 0.324465
612.000000 0.325059
614.000000 0.325607
616.000000 0.326111
618.000000 0.326573
620.000000 0.326996
622.000000 0.327381
624.000000 0.327731
626.000000 0.328048
628.000000 0.328335
630.000000 0.328593
632.000000 0.328825
634.000000 0.329033
636.000000 0.329219
638.000000 0.329385
640.000000 0.329532
642.000000 0.329663
644.000000 0.329779
646.000000 0.329881
648.000000 0.329971
650.000000 0.330050
652.000000 0.330120
654.000000 0.330180
656.000000 0.330233
658.000000 0.330280
660.000000 0.330320
662.000000 0.330354
664.000000 0.330384
666.000000 0.330410
668.000000 0.330433
670.000000 0.330452
672.000000 0.330468
674.000000 0.330482
676.000000 0.330495
678.000000 0.330505
680.000000 0.330514
682.000000 0.330521
684.000000 0.330527
686.000000 0.330533
688.000000 0.330537
690.000000 0.330541
692.000000 0.330544
694.000000 0.330547
696.000000 0.330549
698.000000 0.330551
700.000000 0.330553
702.000000 0.330554
704.000000 0.330555
706.000000 0.330556
708.000000 0.330557
710.000000 0.330557
712.000000 0.330558
714.000000 0.330558
716.000000 0.330558
718.000000 0.330559
720.000000 0.330559
722.000000 0.330559
724.000000 0.330559
726.000000 0.330559
728.000000 0.330559
730.000000 0.330559
732.000000 0.330559
734.000000 0.330559
736.000000 0.330559
738.000000 0.330560
740.000000 0.330560
742.000000 0.330560
744.000000 0.330560
746.000000 0.330560
748.000000 0.330560
750.000000 0.330560
752.000000 0.330560
754.000000 0.330570
756.000000 0.330622
758.000000 0.330760
760.000000 0.331036
762.000000 0.331507
764.000000 0.332227
766.000000 0.333242
768.000000 0.334587
770.000000 0.336283
772.000000 0.338334
774.000000 0.340728
776.000000 0.343438
778.000000 0.346421
780.000000 0.349623
782.000000 0.352982
784.000000 0.356429
786.000000 0.359893
788.000000 0.363306
790.000000 0.366601
792.000000 0.369721
794.000000 0.372615
796.000000 0.375241
798.000000 0.377569
800.000000 0.379578
802.000000 0.381257
804.000000 0.382605
806.000000 0.383627
808.000000 0.384337
810.000000 0.384753
812.000000 0.384898
814.000000 0.384796
816.000000 0.384475
818.000000 0.383962
820.000000 0.383285
822.000000 0.382471
824.000000 0.381545
826.000000 0.380530
828.000000 0.379449
830.000000 0.378322
832.000000 0.377165
834.000000 0.375995
836.000000 0.374824
838.000000 0.373664
840.000000 0.372525
842.000000 0.371415
844.000000 0.370340
846.000000 0.369306
848.000000 0.368316
850.000000 0.367373
852.000000 0.366480
854.000000 0.365638
856.000000 0.364846
858.000000 0.364105
860.000000 0.363415
862.000000 0.362773
864.000000 0.362179
866.000000 0.361630
868.000000 0.361126
870.000000 0.360664
872.000000 0.360241
874.000000 0.359856
876.000000 0.359506
878.000000 0.359189
880.000000 0.358903
882.000000 0.358644
884.000000 0.358412
886.000000 0.358204
888.000000 0.358018
890.000000 0.357853
892.000000 0.357705
894.000000 0.357574
896.000000 0.357458
898.000000 0.357356
900.000000 0.357266
902.000000 0.357187
904.000000 0.357118
906.000000 0.357057
908.000000 0.357004
910.000000 0.356958
912.000000 0.356918
914.000000 0.356883
916.000000 0.356853
918.000000 0.356827
920.000000 0.356805
922.000000 0.356786
924.000000 0.356769
926.000000 0.356755
928.000000 0.356743
930.000000 0.356733
932.000000 0.356724
934.000000 0.356716
936.000000 0.356710
938.000000 0.356705
940.000000 0.356700
942.000000 0.356696
944.000000 0.356693
946.000000 0.356690
948.000000 0.356688
950.000000 0.356686
952.000000 0.356685
954.000000 0.356683
956.000000 0.356682
958.000000 0.356682
960.000000 0.356681
962.000000 0.356680
964.000000 0.356680
966.000000 0.356679
968.000000 0.356679
970.000000 0.356679
972.000000 0.356679
974.000000 0.356679
976.000000 0.356678
978.000000 0.356678
980.000000 0.356678
982.000000 0.356678
984.000000 0.356678
986.000000 0.356678
988.000000 0.356678
990.000000 0.356678
992.000000 0.356678
994.000000 0.356678
996.000000 0.356678
998.000000 0.356678
1000.000000 0.356678
1002.000000 0.356667
1004.000000 0.356615
1006.000000 0.356478
1008.000000 0.356202
1010.000000 0.355731
1012.000000 0.355011
1014.000000 0.353996
1016.000000 0.352651
1018.000000 0.350955
1020.000000 0.348904
1022.000000 0.346510
