cone=2
0.000000 0.240427
2.000000 0.351483
4.000000 0.349118
6.000000 0.347235
8.000000 0.345735
10.000000 0.344533
12.000000 0.343565
14.000000 0.342781
16.000000 0.342147
18.000000 0.341632
20.000000 0.341213
22.000000 0.340874
24.000000 0.340597
26.000000 0.340373
28.000000 0.340190
30.000000 0.340042
32.000000 0.339921
34.000000 0.339823
36.000000 0.339744
38.000000 0.339679
40.000000 0.339626
42.000000 0.339583
44.000000 0.339548
46.000000 0.339520
48.000000 0.339497
50.000000 0.339478
52.000000 0.339462
54.000000 0.339450
56.000000 0.339440
58.000000 0.339432
60.000000 0.339425
62.000000 0.339420
64.000000 0.339415
66.000000 0.339411
68.000000 0.339409
70.000000 0.339406
72.000000 0.339404
74.000000 0.339403
76.000000 0.339401
78.000000 0.339400
80.000000 0.339399
82.000000 0.339399
84.000000 0.339398
86.000000 0.339398
88.000000 0.339397
90.000000 0.339397
92.000000 0.339397
94.000000 0.339397
96.000000 0.339396
98.000000 0.339396
100.000000 0.339396
102.000000 0.339396
104.000000 0.339396
106.000000 0.339396
108.000000 0.339396
110.000000 0.339396
112.000000 0.339396
114.000000 0.339396
116.000000 0.339396
118.000000 0.339396
120.000000 0.339396
122.000000 0.339396
124.000000 0.339396
126.000000 0.339396
128.000000 0.339396
130.000000 0.339396
132.000000 0.339396
134.000000 0.339396
136.000000 0.339396
138.000000 0.339396
140.000000 0.339396
142.000000 0.339396
144.000000 0.339396
146.000000 0.339396
148.000000 0.339396
150.000000 0.339396
152.000000 0.339396
154.000000 0.339396
156.000000 0.339396
158.000000 0.339396
160.000000 0.339396
162.000000 0.339396
164.000000 0.339396
166.000000 0.339396
168.000000 0.339396
170.000000 0.339396
172.000000 0.339396
174.000000 0.339396
176.000000 0.339396
178.000000 0.339396
180.000000 0.339396
182.000000 0.339396
184.000000 0.339396
186.000000 0.339396
188.000000 0.339396
190.000000 0.339396
192.000000 0.339396
194.000000 0.339396
196.000000 0.339396
198.000000 0.339396
200.000000 0.339396
202.000000 0.339396
204.000000 0.339396
206.000000 0.339396
208.000000 0.339396
210.000000 0.339396
212.000000 0.339396
214.000000 0.339396
216.000000 0.339396
218.000000 0.339396
220.000000 0.339396
222.000000 0.339396
224.000000 0.339396
226.000000 0.339396
228.000000 0.339396
230.000000 0.339396
232.000000 0.339396
234.000000 0.339396
236.000000 0.339396
238.000000 0.339396
240.000000 0.339396
242.000000 0.339396
244.000000 0.339396
246.000000 0.339396
248.000000 0.339396
250.000000 0.339396
252.000000 0.339407
254.000000 0.339458
256.000000 0.339591
258.000000 0.339854
260.000000 0.340297
262.000000 0.340966
264.000000 0.341898
266.000000 0.343121
268.000000 0.344651
270.000000 0.346485
272.000000 0.348611
274.000000 0.351000
276.000000 0.353612
278.000000 0.356398
280.000000 0.359300
282.000000 0.362260
284.000000 0.365215
286.000000 0.368107
288.000000 0.370881
290.000000 0.373487
292.000000 0.375885
294.000000 0.378043
296.000000 0.379937
298.000000 0.381552
300.000000 0.382882
302.000000 0.383929
304.000000 0.384699
306.000000 0.385206
308.000000 0.385468
310.000000 0.385505
312.000000 0.385340
314.000000 0.384996
316.000000 0.384497
318.000000 0.383868
320.000000 0.383130
322.000000 0.382305
324.000000 0.381412
326.000000 0.380470
328.000000 0.379495
330.000000 0.378501
332.000000 0.377501
334.000000 0.376505
336.000000 0.375522
338.000000 0.374561
340.000000 0.373627
342.000000 0.372725
344.000000 0.371859
346.000000 0.371033
348.000000 0.370248
350.000000 0.369506
352.000000 0.368807
354.000000 0.368152
356.000000 0.367540
358.000000 0.366970
360.000000 0.366442
362.000000 0.365954
364.000000 0.365504
366.000000 0.365091
368.000000 0.364713
370.000000 0.364368
372.000000 0.364054
374.000000 0.363769
376.000000 0.363511
378.000000 0.363278
380.000000 0.363069
382.000000 0.362881
384.000000 0.362713
386.000000 0.362563
388.000000 0.362430
390.000000 0.362311
392.000000 0.362206
394.000000 0.362113
396.000000 0.362031
398.000000 0.361959
400.000000 0.361896
402.000000 0.361841
404.000000 0.361792
406.000000 0.361750
408.000000 0.361713
410.000000 0.361682
412.000000 0.361654
414.000000 0.361631
416.000000 0.361610
418.000000 0.361592
420.000000 0.361577
422.000000 0.361564
424.000000 0.361553
426.000000 0.361544
428.000000 0.361536
430.000000 0.361529
432.000000 0.361523
434.000000 0.361518
436.000000 0.361514
438.000000 0.361510
440.000000 0.361508
442.000000 0.361505
444.000000 0.361503
446.000000 0.361501
448.000000 0.361500
450.000000 0.361498
452.000000 0.361498
454.000000 0.361497
456.000000 0.361496
458.000000 0.361496
460.000000 0.361495
462.000000 0.361495
464.000000 0.361495
466.000000 0.361494
468.000000 0.361494
470.000000 0.361494
472.000000 0.361494
474.000000 0.361494
476.000000 0.361494
478.000000 0.361494
480.000000 0.361494
482.000000 0.361494
484.000000 0.361493
486.000000 0.361493
488.000000 0.361493
490.000000 0.361493
492.000000 0.361493
494.000000 0.361493
496.000000 0.361493
498.000000 0.361493
500.000000 0.361493
502.000000 0.361470
504.000000 0.361362
506.000000 0.361082
508.000000 0.360528
510.000000 0.359595
512.000000 0.358188
514.000000 0.356225
516.000000 0.353648
518.000000 0.350428
520.000000 0.346563
522.000000 0.342085
524.000000 0.337053
526.000000 0.331551
528.000000 0.325682
530.000000 0.319567
532.000000 0.313331
534.000000 0.307104
536.000000 0.301010
538.000000 0.295165
540.000000 0.289671
542.000000 0.284616
544.000000 0.280067
546.000000 0.276074
548.000000 0.272669
550.000000 0.269863
552.000000 0.267656
554.000000 0.266031
556.000000 0.264960
558.000000 0.264406
560.000000 0.264326
562.000000 0.264672
564.000000 0.265395
566.000000 0.266444
568.000000 0.267770
570.000000 0.269324
572.000000 0.271062
574.000000 0.272941
576.000000 0.274925
578.000000 0.276979
580.000000 0.279074
582.000000 0.281182
584.000000 0.283280
586.000000 0.285351
588.000000 0.287378
590.000000 0.289347
592.000000 0.291247
594.000000 0.293071
596.000000 0.294813
598.000000 0.296467
600.000000 0.298031
602.000000 0.299504
604.000000 0.300885
606.000000 0.302176
608.000000 0.303376
610.000000 0.304490
612.000000 0.305519
614.000000 0.306468
616.000000 0.307339
618.000000 0.308136
620.000000 0.308863
622.000000 0.309525
624.000000 0.310126
626.000000 0.310669
628.000000 0.311160
630.000000 0.311601
632.000000 0.311997
634.000000 0.312351
636.000000 0.312668
638.000000 0.312950
640.000000 0.313200
642.000000 0.313421
644.000000 0.313617
646.000000 0.313790
648.000000 0.313942
650.000000 0.314075
652.000000 0.314192
654.000000 0.314294
656.000000 0.314383
658.000000 0.314460
660.000000 0.314527
662.000000 0.314585
664.000000 0.314635
666.000000 0.314678
668.000000 0.314715
670.000000 0.314747
672.000000 0.314775
674.000000 0.314798
676.000000 0.314818
678.000000 0.314835
680.000000 0.314849
682.000000 0.314862
684.000000 0.314872
686.000000 0.314881
688.000000 0.314888
690.000000 0.314894
692.000000 0.314900
694.000000 0.314904
696.000000 0.314908
698.000000 0.314911
700.000000 0.314913
702.000000 0.314915
704.000000 0.314917
706.000000 0.314918
708.000000 0.314920
710.000000 0.314921
712.000000 0.314921
714.000000 0.314922
716.000000 0.314922
718.000000 0.314923
720.000000 0.314923
722.000000 0.314923
724.000000 0.314923
726.000000 0.314924
728.000000 0.314924
730.000000 0.314924
732.000000 0.314924
734.000000 0.314924
736.000000 0.314924
738.000000 0.314924
740.000000 0.314924
742.000000 0.314924
744.000000 0.314924
746.000000 0.314924
748.000000 0.314924
750.000000 0.314924
752.000000 0.314924
754.000000 0.314947
756.000000 0.315055
758.000000 0.315336
760.000000 0.315890
762.000000 0.316823
764.000000 0.318230
766.000000 0.320193
768.000000 0.322770
770.000000 0.325990
772.000000 0.329854
774.000000 0.334332
776.000000 0.339365
778.000000 0.344867
780.000000 0.350735
782.000000 0.356851
784.000000 0.363087
786.000000 0.369314
788.000000 0.375408
790.000000 0.381253
792.000000 0.386746
794.000000 0.391802
796.000000 0.396351
798.000000 0.400343
800.000000 0.403749
802.000000 0.406554
804.000000 0.408761
806.000000 0.410387
808.000000 0.411458
810.000000 0.412012
812.000000 0.412092
814.000000 0.411745
816.000000 0.411023
818.000000 0.409973
820.000000 0.408648
822.000000 0.407094
824.000000 0.405356
826.000000 0.403476
828.000000 0.401492
830.000000 0.399438
832.000000 0.397344
834.000000 0.395236
836.000000 0.393137
838.000000 0.391066
840.000000 0.389040
842.000000 0.387071
844.000000 0.385171
846.000000 0.383346
848.000000 0.381605
850.000000 0.379951
852.000000 0.378386
854.000000 0.376914
856.000000 0.375532
858.000000 0.374242
860.000000 0.373041
862.000000 0.371928
864.000000 0.370898
866.000000 0.369950
868.000000 0.369079
870.000000 0.368282
872.000000 0.367555
874.000000 0.366893
876.000000 0.366292
878.000000 0.365748
880.000000 0.365258
882.000000 0.364817
884.000000 0.364421
886.000000 0.364066
888.000000 0.363750
890.000000 0.363468
892.000000 0.363218
894.000000 0.362996
896.000000 0.362800
898.000000 0.362628
900.000000 0.362476
902.000000 0.362343
904.000000 0.362226
906.000000 0.362124
908.000000 0.362035
910.000000 0.361958
912.000000 0.361891
914.000000 0.361833
916.000000 0.361783
918.000000 0.361740
920.000000 0.361702
922.000000 0.361671
924.000000 0.361643
926.000000 0.361620
928.000000 0.361600
930.000000 0.361583
932.000000 0.361568
934.000000 0.361556
936.000000 0.361546
938.000000 0.361537
940.000000 0.361530
942.000000 0.361523
944.000000 0.361518
946.000000 0.361514
948.000000 0.361510
950.000000 0.361507
952.000000 0.361504
954.000000 0.361502
956.000000 0.361501
958.000000 0.361499
960.000000 0.361498
962.000000 0.361497
964.000000 0.361497
966.000000 0.361496
968.000000 0.361495
970.000000 0.361495
972.000000 0.361495
974.000000 0.361494
976.000000 0.361494
978.000000 0.361494
980.000000 0.361494
982.000000 0.361494
984.000000 0.361494
986.000000 0.361494
988.000000 0.361494
990.000000 0.361494
992.000000 0.361493
994.000000 0.361493
996.000000 0.361493
998.000000 0.361493
1000.000000 0.361493
1002.000000 0.361470
1004.000000 0.361362
1006.000000 0.361082
1008.000000 0.360528
1010.000000 0.359595
1012.000000 0.358188
1014.000000 0.356225
1016.000000 0.353648
1018.000000 0.350428
1020.000000 0.346563
1022.000000 0.342085
