cone=1
0.000000 0.258343
2.000000 0.355622
4.000000 0.353518
6.000000 0.351850
8.000000 0.350527
10.000000 0.349469
12.000000 0.348618
14.000000 0.347931
16.000000 0.347374
18.000000 0.346923
20.000000 0.346557
22.000000 0.346259
24.000000 0.346018
26.000000 0.345821
28.000000 0.345661
30.000000 0.345532
32.000000 0.345426
34.000000 0.345340
36.000000 0.345270
38.000000 0.345214
40.000000 0.345167
42.000000 0.345130
44.000000 0.345099
46.000000 0.345075
48.000000 0.345054
50.000000 0.345038
52.000000 0.345024
54.000000 0.345014
56.000000 0.345005
58.000000 0.344998
60.000000 0.344992
62.000000 0.344987
64.000000 0.344983
66.000000 0.344980
68.000000 0.344977
70.000000 0.344975
72.000000 0.344974
74.000000 0.344972
76.000000 0.344971
78.000000 0.344970
80.000000 0.344969
82.000000 0.344969
84.000000 0.344968
86.000000 0.344968
88.000000 0.344968
90.000000 0.344967
92.000000 0.344967
94.000000 0.344967
96.000000 0.344967
98.000000 0.344967
100.000000 0.344967
102.000000 0.344966
104.000000 0.344966
106.000000 0.344966
108.000000 0.344966
110.000000 0.344966
112.000000 0.344966
114.000000 0.344966
116.000000 0.344966
118.000000 0.344966
120.000000 0.344966
122.000000 0.344966
124.000000 0.344966
126.000000 0.344966
128.000000 0.344966
130.000000 0.344966
132.000000 0.344966
134.000000 0.344966
136.000000 0.344966
138.000000 0.344966
140.000000 0.344966
142.000000 0.344966
144.000000 0.344966
146.000000 0.344966
148.000000 0.344966
150.000000 0.344966
152.000000 0.344966
154.000000 0.344966
156.000000 0.344966
158.000000 0.344966
160.000000 0.344966
162.000000 0.344966
164.000000 0.344966
166.000000 0.344966
168.000000 0.344966
170.000000 0.344966
172.000000 0.344966
174.000000 0.344966
176.000000 0.344966
178.000000 0.344966
180.000000 0.344966
182.000000 0.344966
184.000000 0.344966
186.000000 0.344966
188.000000 0.344966
190.000000 0.344966
192.000000 0.344966
194.000000 0.344966
196.000000 0.344966
198.000000 0.344966
200.000000 0.344966
202.000000 0.344966
204.000000 0.344966
206.000000 0.344966
208.000000 0.344966
210.000000 0.344966
212.000000 0.344966
214.000000 0.344966
216.000000 0.344966
218.000000 0.344966
220.000000 0.344966
222.000000 0.344966
224.000000 0.344966
226.000000 0.344966
228.000000 0.344966
230.000000 0.344966
232.000000 0.344966
234.000000 0.344966
236.000000 0.344966
238.000000 0.344966
240.000000 0.344966
242.000000 0.344966
244.000000 0.344966
246.000000 0.344966
248.000000 0.344966
250.000000 0.344966
252.000000 0.344991
254.000000 0.345101
256.000000 0.345369
258.000000 0.345874
260.000000 0.346691
262.000000 0.347888
264.000000 0.349519
266.000000 0.351615
268.000000 0.354189
270.000000 0.357229
272.000000 0.360702
274.000000 0.364555
276.000000 0.368718
278.000000 0.373107
280.000000 0.377632
282.000000 0.382197
284.000000 0.386709
286.000000 0.391078
288.000000 0.395225
290.000000 0.399080
292.000000 0.402586
294.000000 0.405700
296.000000 0.408393
298.000000 0.410650
300.000000 0.412466
302.000000 0.413851
304.000000 0.414819
306.000000 0.415397
308.000000 0.415612
310.000000 0.415500
312.000000 0.415096
314.000000 0.414437
316.000000 0.413560
318.000000 0.412500
320.000000 0.411292
322.000000 0.409967
324.000000 0.408553
326.000000 0.407077
328.000000 0.405563
330.000000 0.404030
332.000000 0.402497
334.000000 0.400978
336.000000 0.399487
338.000000 0.398033
340.000000 0.396626
342.000000 0.395272
344.000000 0.393976
346.000000 0.392742
348.000000 0.391573
350.000000 0.390471
352.000000 0.389435
354.000000 0.388466
356.000000 0.387562
358.000000 0.386723
360.000000 0.385946
362.000000 0.385229
364.000000 0.384570
366.000000 0.383966
368.000000 0.383414
370.000000 0.382910
372.000000 0.382453
374.000000 0.382039
376.000000 0.381665
378.000000 0.381328
380.000000 0.381025
382.000000 0.380754
384.000000 0.380512
386.000000 0.380296
388.000000 0.380103
390.000000 0.379933
392.000000 0.379782
394.000000 0.379649
396.000000 0.379532
398.000000 0.379429
400.000000 0.379339
402.000000 0.379260
404.000000 0.379192
406.000000 0.379132
408.000000 0.379080
410.000000 0.379035
412.000000 0.378996
414.000000 0.378962
416.000000 0.378933
418.000000 0.378908
420.000000 0.378887
422.000000 0.378869
424.000000 0.378853
426.000000 0.378840
428.000000 0.378829
430.000000 0.378819
432.000000 0.378811
434.000000 0.378804
436.000000 0.378798
438.000000 0.378793
440.000000 0.378789
442.000000 0.378786
444.000000 0.378783
446.000000 0.378780
448.000000 0.378778
450.000000 0.378777
452.000000 0.378776
454.000000 0.378774
456.000000 0.378774
458.000000 0.378773
460.000000 0.378772
462.000000 0.378772
464.000000 0.378771
466.000000 0.378771
468.000000 0.378771
470.000000 0.378771
472.000000 0.378770
474.000000 0.378770
476.000000 0.378770
478.000000 0.378770
480.000000 0.378770
482.000000 0.378770
484.000000 0.378770
486.000000 0.378770
488.000000 0.378770
490.000000 0.378770
492.000000 0.378770
494.000000 0.378770
496.000000 0.378770
498.000000 0.378770
500.000000 0.378770
502.000000 0.378718
504.000000 0.378492
506.000000 0.377940
508.000000 0.376900
510.000000 0.375213
512.000000 0.372739
514.000000 0.369367
516.000000 0.365029
518.000000 0.359698
520.000000 0.353398
522.000000 0.346196
524.000000 0.338202
526.000000 0.329561
528.000000 0.320446
530.000000 0.311045
532.000000 0.301555
534.000000 0.292172
536.000000 0.283081
538.000000 0.274449
540.000000 0.266420
542.000000 0.259114
544.000000 0.252621
546.000000 0.247001
548.000000 0.242288
550.000000 0.238489
552.000000 0.235589
554.000000 0.233555
556.000000 0.232335
558.000000 0.231868
560.000000 0.232085
562.000000 0.232910
564.000000 0.234267
566.000000 0.236080
568.000000 0.238274
570.000000 0.240778
572.000000 0.243528
574.000000 0.246463
576.000000 0.249528
578.000000 0.252674
580.000000 0.255860
582.000000 0.259048
584.000000 0.262207
586.000000 0.265310
588.000000 0.268335
590.000000 0.271264
592.000000 0.274082
594.000000 0.276779
596.000000 0.279348
598.000000 0.281782
600.000000 0.284078
602.000000 0.286235
604.000000 0.288254
606.000000 0.290137
608.000000 0.291885
610.000000 0.293504
612.000000 0.294998
614.000000 0.296371
616.000000 0.297631
618.000000 0.298782
620.000000 0.299830
622.000000 0.300783
624.000000 0.301647
626.000000 0.302427
628.000000 0.303129
630.000000 0.303761
632.000000 0.304326
634.000000 0.304832
636.000000 0.305283
638.000000 0.305684
640.000000 0.306039
642.000000 0.306354
644.000000 0.306631
646.000000 0.306876
648.000000 0.307091
650.000000 0.307279
652.000000 0.307443
654.000000 0.307587
656.000000 0.307712
658.000000 0.307820
660.000000 0.307914
662.000000 0.307995
664.000000 0.308065
666.000000 0.308126
668.000000 0.308178
670.000000 0.308222
672.000000 0.308260
674.000000 0.308293
676.000000 0.308321
678.000000 0.308344
680.000000 0.308364
682.000000 0.308381
684.000000 0.308396
686.000000 0.308408
688.000000 0.308418
690.000000 0.308427
692.000000 0.308434
694.000000 0.308440
696.000000 0.308445
698.000000 0.308450
700.000000 0.308453
702.000000 0.308456
704.000000 0.308458
706.000000 0.308460
708.000000 0.308461
710.000000 0.308462
712.000000 0.308463
714.000000 0.308464
716.000000 0.308465
718.000000 0.308465
720.000000 0.308466
722.000000 0.308466
724.000000 0.308466
726.000000 0.308467
728.000000 0.308467
730.000000 0.308467
732.000000 0.308467
734.000000 0.308467
736.000000 0.308467
738.000000 0.308467
740.000000 0.308468
742.000000 0.308468
744.000000 0.308468
746.000000 0.308468
748.000000 0.308468
750.000000 0.308468
752.000000 0.308468
754.000000 0.308520
756.000000 0.308746
758.000000 0.309297
760.000000 0.310337
762.000000 0.312024
764.000000 0.314499
766.000000 0.317870
768.000000 0.322209
770.000000 0.327539
772.000000 0.333840
774.000000 0.341042
776.000000 0.349036
778.000000 0.357676
780.000000 0.366792
782.000000 0.376193
784.000000 0.385682
786.000000 0.395065
788.000000 0.404157
790.000000 0.412789
792.000000 0.420817
794.000000 0.428123
796.000000 0.434617
798.000000 0.440236
800.000000 0.444950
802.000000 0.448748
804.000000 0.451648
806.000000 0.453683
808.000000 0.454903
810.000000 0.455369
812.000000 0.455153
814.000000 0.454327
816.000000 0.452970
818.000000 0.451158
820.000000 0.448964
822.000000 0.446459
824.000000 0.443709
826.000000 0.440775
828.000000 0.437710
830.000000 0.434563
832.000000 0.431377
834.000000 0.428189
836.000000 0.425030
838.000000 0.421927
840.000000 0.418903
842.000000 0.415974
844.000000 0.413155
846.000000 0.410458
848.000000 0.407890
850.000000 0.405456
852.000000 0.403160
854.000000 0.401002
856.000000 0.398983
858.000000 0.397101
860.000000 0.395352
862.000000 0.393733
864.000000 0.392240
866.000000 0.390866
868.000000 0.389607
870.000000 0.388456
872.000000 0.387407
874.000000 0.386454
876.000000 0.385591
878.000000 0.384811
880.000000 0.384108
882.000000 0.383477
884.000000 0.382911
886.000000 0.382405
888.000000 0.381955
890.000000 0.381554
892.000000 0.381198
894.000000 0.380884
896.000000 0.380606
898.000000 0.380362
900.000000 0.380147
902.000000 0.379959
904.000000 0.379794
906.000000 0.379651
908.000000 0.379526
910.000000 0.379417
912.000000 0.379323
914.000000 0.379242
916.000000 0.379172
918.000000 0.379111
920.000000 0.379060
922.000000 0.379015
924.000000 0.378977
926.000000 0.378945
928.000000 0.378917
930.000000 0.378893
932.000000 0.378873
934.000000 0.378856
936.000000 0.378842
938.000000 0.378830
940.000000 0.378819
942.000000 0.378811
944.000000 0.378803
946.000000 0.378797
948.000000 0.378792
950.000000 0.378788
952.000000 0.378785
954.000000 0.378782
956.000000 0.378780
958.000000 0.378778
960.000000 0.378776
962.000000 0.378775
964.000000 0.378774
966.000000 0.378773
968.000000 0.378773
970.000000 0.378772
972.000000 0.378772
974.000000 0.378771
976.000000 0.378771
978.000000 0.378771
980.000000 0.378771
982.000000 0.378770
984.000000 0.378770
986.000000 0.378770
988.000000 0.378770
990.000000 0.378770
992.000000 0.378770
994.000000 0.378770
996.000000 0.378770
998.000000 0.378770
1000.000000 0.378770
1002.000000 0.378718
1004.000000 0.378492
1006.000000 0.377940
1008.000000 0.376900
1010.000000 0.375213
1012.000000 0.372739
1014.000000 0.369367
1016.000000 0.365029
1018.000000 0.359698
1020.000000 0.353398
1022.000000 0.346196
