null
0.000000 0.590217
2.000000 0.554525
4.000000 0.550590
6.000000 0.547584
8.000000 0.545235
10.000000 0.543376
12.000000 0.541892
14.000000 0.540700
16.000000 0.539738
18.000000 0.538959
20.000000 0.538328
22.000000 0.537817
24.000000 0.537401
26.000000 0.537064
28.000000 0.536790
30.000000 0.536567
32.000000 0.536386
34.000000 0.536239
36.000000 0.536119
38.000000 0.536022
40.000000 0.535943
42.000000 0.535878
44.000000 0.535826
46.000000 0.535784
48.000000 0.535749
50.000000 0.535721
52.000000 0.535698
54.000000 0.535679
56.000000 0.535664
58.000000 0.535652
60.000000 0.535642
62.000000 0.535634
64.000000 0.535627
66.000000 0.535622
68.000000 0.535617
70.000000 0.535614
72.000000 0.535611
74.000000 0.535609
76.000000 0.535607
78.000000 0.535605
80.000000 0.535604
82.000000 0.535603
84.000000 0.535602
86.000000 0.535601
88.000000 0.535601
90.000000 0.535600
92.000000 0.535600
94.000000 0.535600
96.000000 0.535600
98.000000 0.535599
100.000000 0.535599
102.000000 0.535599
104.000000 0.535599
106.000000 0.535599
108.000000 0.535599
110.000000 0.535599
112.000000 0.535599
114.000000 0.535599
116.000000 0.535599
118.000000 0.535599
120.000000 0.535599
122.000000 0.535599
124.000000 0.535599
126.000000 0.535599
128.000000 0.535598
130.000000 0.535599
132.000000 0.535599
134.000000 0.535599
136.000000 0.535599
138.000000 0.535598
140.000000 0.535598
142.000000 0.535599
144.000000 0.535599
146.000000 0.535599
148.000000 0.535599
150.000000 0.535599
152.000000 0.535599
154.000000 0.535599
156.000000 0.535599
158.000000 0.535599
160.000000 0.535599
162.000000 0.535598
164.000000 0.535599
166.000000 0.535598
168.000000 0.535599
170.000000 0.535599
172.000000 0.535599
174.000000 0.535598
176.000000 0.535599
178.000000 0.535599
180.000000 0.535599
182.000000 0.535599
184.000000 0.535598
186.000000 0.535598
188.000000 0.535598
190.000000 0.535598
192.000000 0.535598
194.000000 0.535599
196.000000 0.535598
198.000000 0.535598
200.000000 0.535599
202.000000 0.535599
204.000000 0.535599
206.000000 0.535599
208.000000 0.535599
210.000000 0.535598
212.000000 0.535599
214.000000 0.535599
216.000000 0.535598
218.000000 0.535598
220.000000 0.535598
222.000000 0.535599
224.000000 0.535599
226.000000 0.535598
228.000000 0.535599
230.000000 0.535598
232.000000 0.535598
234.000000 0.535598
236.000000 0.535598
238.000000 0.535598
240.000000 0.535599
242.000000 0.535599
244.000000 0.535599
246.000000 0.535599
248.000000 0.535599
250.000000 0.535599
252.000000 0.535598
254.000000 0.535598
256.000000 0.535598
258.000000 0.535599
260.000000 0.535599
262.000000 0.535599
264.000000 0.535599
266.000000 0.535599
268.000000 0.535599
270.000000 0.535599
272.000000 0.535598
274.000000 0.535599
276.000000 0.535598
278.000000 0.535599
280.000000 0.535598
282.000000 0.535599
284.000000 0.535599
286.000000 0.535599
288.000000 0.535599
290.000000 0.535599
292.000000 0.535599
294.000000 0.535599
296.000000 0.535599
298.000000 0.535599
300.000000 0.535598
302.000000 0.535669
304.000000 0.535998
306.000000 0.536854
308.000000 0.538537
310.000000 0.541347
312.000000 0.545551
314.000000 0.551359
316.000000 0.558904
318.000000 0.568234
320.000000 0.579303
322.000000 0.591982
324.000000 0.606060
326.000000 0.621261
328.000000 0.637260
330.000000 0.653702
332.000000 0.670221
334.000000 0.686455
336.000000 0.702068
338.000000 0.716757
340.000000 0.730268
342.000000 0.742398
344.000000 0.752998
346.000000 0.761977
348.000000 0.769294
350.000000 0.774958
352.000000 0.779017
354.000000 0.781555
356.000000 0.782681
358.000000 0.782523
360.000000 0.781222
362.000000 0.778923
364.000000 0.775772
366.000000 0.771913
368.000000 0.767480
370.000000 0.762601
372.000000 0.757388
374.000000 0.751947
376.000000 0.746368
378.000000 0.740730
380.000000 0.735102
382.000000 0.729540
384.000000 0.724093
386.000000 0.718799
388.000000 0.713689
390.000000 0.708787
392.000000 0.704110
394.000000 0.699671
396.000000 0.695478
398.000000 0.691534
400.000000 0.687840
402.000000 0.684395
404.000000 0.681192
406.000000 0.678227
408.000000 0.675490
410.000000 0.672973
412.000000 0.670666
414.000000 0.668558
416.000000 0.666638
418.000000 0.664895
420.000000 0.663317
422.000000 0.661892
424.000000 0.660610
426.000000 0.659460
428.000000 0.658430
430.000000 0.657512
432.000000 0.656695
434.000000 0.655970
436.000000 0.655328
438.000000 0.654762
440.000000 0.654264
442.000000 0.653826
444.000000 0.653443
446.000000 0.653109
448.000000 0.652818
450.000000 0.652565
452.000000 0.652345
454.000000 0.652156
456.000000 0.651993
458.000000 0.651852
460.000000 0.651732
462.000000 0.651628
464.000000 0.651540
466.000000 0.651465
468.000000 0.651401
470.000000 0.651347
472.000000 0.651302
474.000000 0.651263
476.000000 0.651230
478.000000 0.651203
480.000000 0.651180
482.000000 0.651161
484.000000 0.651145
486.000000 0.651132
488.000000 0.651121
490.000000 0.651112
492.000000 0.651104
494.000000 0.651098
496.000000 0.651092
498.000000 0.651088
500.000000 0.651085
502.000000 0.651082
504.000000 0.651080
506.000000 0.651079
508.000000 0.651078
510.000000 0.651077
512.000000 0.651076
514.000000 0.651076
516.000000 0.651075
518.000000 0.651075
520.000000 0.651075
522.000000 0.651075
524.000000 0.651074
526.000000 0.651074
528.000000 0.651074
530.000000 0.651074
532.000000 0.651074
534.000000 0.651074
536.000000 0.651074
538.000000 0.651074
540.000000 0.651074
542.000000 0.651074
544.000000 0.651074
546.000000 0.651074
548.000000 0.651074
550.000000 0.651074
552.000000 0.651004
554.000000 0.650674
556.000000 0.649818
558.000000 0.648135
560.000000 0.645325
562.000000 0.641121
564.000000 0.635313
566.000000 0.627768
568.000000 0.618438
570.000000 0.607369
572.000000 0.594690
574.000000 0.580612
576.000000 0.565411
578.000000 0.549412
580.000000 0.532969
582.000000 0.516451
584.000000 0.500217
586.000000 0.484604
588.000000 0.469915
590.000000 0.456403
592.000000 0.444274
594.000000 0.433674
596.000000 0.424695
598.000000 0.417378
600.000000 0.411714
602.000000 0.407655
604.000000 0.405117
606.000000 0.403991
608.000000 0.404149
610.000000 0.405450
612.000000 0.407749
614.000000 0.410900
616.000000 0.414759
618.000000 0.419192
620.000000 0.424071
622.000000 0.429284
624.000000 0.434725
626.000000 0.440304
628.000000 0.445942
630.000000 0.451570
632.000000 0.457132
634.000000 0.462579
636.000000 0.467873
638.000000 0.472983
640.000000 0.477885
642.000000 0.482562
644.000000 0.487001
646.000000 0.491194
648.000000 0.495138
650.000000 0.498832
652.000000 0.502277
654.000000 0.505480
656.000000 0.508445
658.000000 0.511182
660.000000 0.513699
662.000000 0.516006
664.000000 0.518114
666.000000 0.520034
668.000000 0.521777
670.000000 0.523355
672.000000 0.524780
674.000000 0.526062
676.000000 0.527212
678.000000 0.528242
680.000000 0.529160
682.000000 0.529977
684.000000 0.530702
686.000000 0.531344
688.000000 0.531910
690.000000 0.532409
692.000000 0.532846
694.000000 0.533229
696.000000 0.533563
698.000000 0.533854
700.000000 0.534107
702.000000 0.534327
704.000000 0.534516
706.000000 0.534679
708.000000 0.534820
710.000000 0.534940
712.000000 0.535043
714.000000 0.535132
716.000000 0.535207
718.000000 0.535271
720.000000 0.535325
722.000000 0.535370
724.000000 0.535409
726.000000 0.535441
728.000000 0.535469
730.000000 0.535492
732.000000 0.535511
734.000000 0.535527
736.000000 0.535540
738.000000 0.535551
740.000000 0.535561
742.000000 0.535568
744.000000 0.535574
746.000000 0.535580
748.000000 0.535584
750.000000 0.535587
752.000000 0.535590
754.000000 0.535591
756.000000 0.535593
758.000000 0.535594
760.000000 0.535595
762.000000 0.535596
764.000000 0.535596
766.000000 0.535597
768.000000 0.535597
770.000000 0.535598
772.000000 0.535598
774.000000 0.535598
776.000000 0.535598
778.000000 0.535598
780.000000 0.535598
782.000000 0.535598
784.000000 0.535598
786.000000 0.535598
788.000000 0.535598
790.000000 0.535598
792.000000 0.535598
794.000000 0.535598
796.000000 0.535598
798.000000 0.535599
800.000000 0.535599
802.000000 0.535598
804.000000 0.535599
806.000000 0.535599
808.000000 0.535599
810.000000 0.535599
812.000000 0.535599
814.000000 0.535599
816.000000 0.535599
818.000000 0.535599
820.000000 0.535599
822.000000 0.535599
824.000000 0.535599
826.000000 0.535599
828.000000 0.535599
830.000000 0.535599
832.000000 0.535599
834.000000 0.535599
836.000000 0.535599
838.000000 0.535599
840.000000 0.535599
842.000000 0.535598
844.000000 0.535598
846.000000 0.535599
848.000000 0.535599
850.000000 0.535599
852.000000 0.535599
854.000000 0.535599
856.000000 0.535599
858.000000 0.535599
860.000000 0.535599
862.000000 0.535599
864.000000 0.535599
866.000000 0.535599
868.000000 0.535599
870.000000 0.535598
872.000000 0.535599
874.000000 0.535599
876.000000 0.535599
878.000000 0.535598
880.000000 0.535598
882.000000 0.535599
884.000000 0.535598
886.000000 0.535599
888.000000 0.535598
890.000000 0.535599
892.000000 0.535598
894.000000 0.535598
896.000000 0.535599
898.000000 0.535598
900.000000 0.535598
902.000000 0.535599
904.000000 0.535599
906.000000 0.535598
908.000000 0.535599
910.000000 0.535599
912.000000 0.535598
914.000000 0.535599
916.000000 0.535599
918.000000 0.535598
920.000000 0.535599
922.000000 0.535598
924.000000 0.535599
926.000000 0.535598
928.000000 0.535599
930.000000 0.535599
932.000000 0.535599
934.000000 0.535599
936.000000 0.535598
938.000000 0.535598
940.000000 0.535599
942.000000 0.535598
944.000000 0.535599
946.000000 0.535599
948.000000 0.535599
950.000000 0.535599
952.000000 0.535599
954.000000 0.535599
956.000000 0.535598
958.000000 0.535599
960.000000 0.535598
962.000000 0.535599
964.000000 0.535598
966.000000 0.535599
968.000000 0.535599
970.000000 0.535598
972.000000 0.535599
974.000000 0.535598
976.000000 0.535599
978.000000 0.535598
980.000000 0.535599
982.000000 0.535598
984.000000 0.535599
986.000000 0.535599
988.000000 0.535598
990.000000 0.535599
992.000000 0.535598
994.000000 0.535598
996.000000 0.535599
998.000000 0.535599
1000.000000 0.535599
1002.000000 0.535598
1004.000000 0.535599
1006.000000 0.535599
1008.000000 0.535599
1010.000000 0.535598
1012.000000 0.535599
1014.000000 0.535599
1016.000000 0.535599
1018.000000 0.535599
1020.000000 0.535599
1022.000000 0.535599
