cone=1
0.000000 0.373315
2.000000 0.358128
4.000000 0.355954
6.000000 0.354255
8.000000 0.352906
10.000000 0.351827
12.000000 0.350958
14.000000 0.350257
16.000000 0.349689
18.000000 0.349229
20.000000 0.348855
22.000000 0.348552
24.000000 0.348305
26.000000 0.348105
28.000000 0.347942
30.000000 0.347810
32.000000 0.347702
34.000000 0.347614
36.000000 0.347543
38.000000 0.347485
40.000000 0.347438
42.000000 0.347400
44.000000 0.347369
46.000000 0.347343
48.000000 0.347323
50.000000 0.347306
52.000000 0.347292
54.000000 0.347281
56.000000 0.347272
58.000000 0.347265
60.000000 0.347259
62.000000 0.347254
64.000000 0.347250
66.000000 0.347247
68.000000 0.347244
70.000000 0.347242
72.000000 0.347241
74.000000 0.347239
76.000000 0.347238
78.000000 0.347237
80.000000 0.347236
82.000000 0.347236
84.000000 0.347235
86.000000 0.347235
88.000000 0.347234
90.000000 0.347234
92.000000 0.347234
94.000000 0.347234
96.000000 0.347234
98.000000 0.347234
100.000000 0.347233
102.000000 0.347233
104.000000 0.347233
106.000000 0.347233
108.000000 0.347233
110.000000 0.347233
112.000000 0.347233
114.000000 0.347233
116.000000 0.347233
118.000000 0.347233
120.000000 0.347233
122.000000 0.347233
124.000000 0.347233
126.000000 0.347233
128.000000 0.347233
130.000000 0.347233
132.000000 0.347233
134.000000 0.347233
136.000000 0.347233
138.000000 0.347233
140.000000 0.347233
142.000000 0.347233
144.000000 0.347233
146.000000 0.347233
148.000000 0.347233
150.000000 0.347233
152.000000 0.347233
154.000000 0.347233
156.000000 0.347233
158.000000 0.347233
160.000000 0.347233
162.000000 0.347233
164.000000 0.347233
166.000000 0.347233
168.000000 0.347233
170.000000 0.347233
172.000000 0.347233
174.000000 0.347233
176.000000 0.347233
178.000000 0.347233
180.000000 0.347233
182.000000 0.347233
184.000000 0.347233
186.000000 0.347233
188.000000 0.347233
190.000000 0.347233
192.000000 0.347233
194.000000 0.347233
196.000000 0.347233
198.000000 0.347233
200.000000 0.347233
202.000000 0.347233
204.000000 0.347233
206.000000 0.347233
208.000000 0.347233
210.000000 0.347233
212.000000 0.347233
214.000000 0.347233
216.000000 0.347233
218.000000 0.347233
220.000000 0.347233
222.000000 0.347233
224.000000 0.347233
226.000000 0.347233
228.000000 0.347233
230.000000 0.347233
232.000000 0.347233
234.000000 0.347233
236.000000 0.347233
238.000000 0.347233
240.000000 0.347233
242.000000 0.347233
244.000000 0.347233
246.000000 0.347233
248.000000 0.347233
250.000000 0.347233
252.000000 0.347247
254.000000 0.347315
256.000000 0.347490
258.000000 0.347837
260.000000 0.348421
262.000000 0.349304
264.000000 0.350538
266.000000 0.352159
268.000000 0.354188
270.000000 0.356626
272.000000 0.359456
274.000000 0.362640
276.000000 0.366126
278.000000 0.369850
280.000000 0.373736
282.000000 0.377704
284.000000 0.381673
286.000000 0.385562
288.000000 0.389300
290.000000 0.392818
292.000000 0.396063
294.000000 0.398989
296.000000 0.401563
298.000000 0.403766
300.000000 0.405588
302.000000 0.407029
304.000000 0.408099
306.000000 0.408815
308.000000 0.409199
310.000000 0.409280
312.000000 0.409085
314.000000 0.408648
316.000000 0.408000
318.000000 0.407173
320.000000 0.406198
322.000000 0.405102
324.000000 0.403913
326.000000 0.402655
328.000000 0.401350
330.000000 0.400018
332.000000 0.398675
334.000000 0.397335
336.000000 0.396013
338.000000 0.394718
340.000000 0.393458
342.000000 0.392241
344.000000 0.391072
346.000000 0.389956
348.000000 0.388894
350.000000 0.387890
352.000000 0.386944
354.000000 0.386057
356.000000 0.385227
358.000000 0.384455
360.000000 0.383738
362.000000 0.383075
364.000000 0.382465
366.000000 0.381903
368.000000 0.381390
370.000000 0.380920
372.000000 0.380493
374.000000 0.380105
376.000000 0.379754
378.000000 0.379438
380.000000 0.379152
382.000000 0.378896
384.000000 0.378667
386.000000 0.378463
388.000000 0.378280
390.000000 0.378118
392.000000 0.377975
394.000000 0.377848
396.000000 0.377736
398.000000 0.377637
400.000000 0.377551
402.000000 0.377475
404.000000 0.377409
406.000000 0.377351
408.000000 0.377301
410.000000 0.377257
412.000000 0.377220
414.000000 0.377187
416.000000 0.377159
418.000000 0.377135
420.000000 0.377114
422.000000 0.377096
424.000000 0.377081
426.000000 0.377068
428.000000 0.377057
430.000000 0.377047
432.000000 0.377039
434.000000 0.377033
436.000000 0.377027
438.000000 0.377022
440.000000 0.377018
442.000000 0.377015
444.000000 0.377012
446.000000 0.377009
448.000000 0.377007
450.000000 0.377006
452.000000 0.377004
454.000000 0.377003
456.000000 0.377002
458.000000 0.377001
460.000000 0.377001
462.000000 0.377000
464.000000 0.377000
466.000000 0.377000
468.000000 0.376999
470.000000 0.376999
472.000000 0.376999
474.000000 0.376999
476.000000 0.376999
478.000000 0.376999
480.000000 0.376999
482.000000 0.376999
484.000000 0.376999
486.000000 0.376998
488.000000 0.376998
490.000000 0.376998
492.000000 0.376998
494.000000 0.376998
496.000000 0.376998
498.000000 0.376998
500.000000 0.376998
502.000000 0.376968
504.000000 0.376827
506.000000 0.376461
508.000000 0.375737
510.000000 0.374517
512.000000 0.372672
514.000000 0.370096
516.000000 0.366708
518.000000 0.362467
520.000000 0.357371
522.000000 0.351457
524.000000 0.344801
526.000000 0.337512
528.000000 0.329727
530.000000 0.321602
532.000000 0.313305
534.000000 0.305006
536.000000 0.296871
538.000000 0.289056
540.000000 0.281696
542.000000 0.274910
544.000000 0.268789
546.000000 0.263403
548.000000 0.258794
550.000000 0.254982
552.000000 0.251966
554.000000 0.249726
556.000000 0.248227
558.000000 0.247421
560.000000 0.247252
562.000000 0.247656
564.000000 0.248568
566.000000 0.249922
568.000000 0.251650
570.000000 0.253689
572.000000 0.255979
574.000000 0.258465
576.000000 0.261095
578.000000 0.263823
580.000000 0.266610
582.000000 0.269418
584.000000 0.272219
586.000000 0.274984
588.000000 0.277693
590.000000 0.280327
592.000000 0.282872
594.000000 0.285317
596.000000 0.287652
598.000000 0.289871
600.000000 0.291972
602.000000 0.293950
604.000000 0.295807
606.000000 0.297542
608.000000 0.299157
610.000000 0.300656
612.000000 0.302043
614.000000 0.303320
616.000000 0.304494
618.000000 0.305569
620.000000 0.306550
622.000000 0.307444
624.000000 0.308255
626.000000 0.308989
628.000000 0.309652
630.000000 0.310248
632.000000 0.310784
634.000000 0.311263
636.000000 0.311692
638.000000 0.312073
640.000000 0.312412
642.000000 0.312712
644.000000 0.312978
646.000000 0.313212
648.000000 0.313418
650.000000 0.313599
652.000000 0.313758
654.000000 0.313896
656.000000 0.314017
658.000000 0.314122
660.000000 0.314213
662.000000 0.314292
664.000000 0.314360
666.000000 0.314419
668.000000 0.314470
670.000000 0.314513
672.000000 0.314550
674.000000 0.314582
676.000000 0.314609
678.000000 0.314633
680.000000 0.314652
682.000000 0.314669
684.000000 0.314683
686.000000 0.314695
688.000000 0.314705
690.000000 0.314714
692.000000 0.314721
694.000000 0.314727
696.000000 0.314732
698.000000 0.314737
700.000000 0.314740
702.000000 0.314743
704.000000 0.314745
706.000000 0.314747
708.000000 0.314749
710.000000 0.314750
712.000000 0.314751
714.000000 0.314752
716.000000 0.314752
718.000000 0.314753
720.000000 0.314753
722.000000 0.314754
724.000000 0.314754
726.000000 0.314754
728.000000 0.314754
730.000000 0.314754
732.000000 0.314755
734.000000 0.314755
736.000000 0.314755
738.000000 0.314755
740.000000 0.314755
742.000000 0.314755
744.000000 0.314755
746.000000 0.314755
748.000000 0.314755
750.000000 0.314755
752.000000 0.314755
754.000000 0.314785
756.000000 0.314926
758.000000 0.315292
760.000000 0.316017
762.000000 0.317237
764.000000 0.319081
766.000000 0.321658
768.000000 0.325045
770.000000 0.329286
772.000000 0.334382
774.000000 0.340296
776.000000 0.346952
778.000000 0.354241
780.000000 0.362026
782.000000 0.370151
784.000000 0.378448
786.000000 0.386747
788.000000 0.394882
790.000000 0.402698
792.000000 0.410057
794.000000 0.416844
796.000000 0.422964
798.000000 0.428350
800.000000 0.432960
802.000000 0.436771
804.000000 0.439787
806.000000 0.442027
808.000000 0.443526
810.000000 0.444332
812.000000 0.444502
814.000000 0.444097
816.000000 0.443185
818.000000 0.441832
820.000000 0.440104
822.000000 0.438064
824.000000 0.435774
826.000000 0.433288
828.000000 0.430658
830.000000 0.427930
832.000000 0.425144
834.000000 0.422335
836.000000 0.419535
838.000000 0.416769
840.000000 0.414060
842.000000 0.411426
844.000000 0.408881
846.000000 0.406437
848.000000 0.404102
850.000000 0.401882
852.000000 0.399782
854.000000 0.397803
856.000000 0.395947
858.000000 0.394212
860.000000 0.392596
862.000000 0.391097
864.000000 0.389711
866.000000 0.388433
868.000000 0.387260
870.000000 0.386185
872.000000 0.385203
874.000000 0.384310
876.000000 0.383498
878.000000 0.382764
880.000000 0.382102
882.000000 0.381505
884.000000 0.380969
886.000000 0.380490
888.000000 0.380062
890.000000 0.379680
892.000000 0.379341
894.000000 0.379041
896.000000 0.378775
898.000000 0.378541
900.000000 0.378335
902.000000 0.378154
904.000000 0.377996
906.000000 0.377857
908.000000 0.377737
910.000000 0.377632
912.000000 0.377540
914.000000 0.377462
916.000000 0.377393
918.000000 0.377335
920.000000 0.377284
922.000000 0.377240
924.000000 0.377203
926.000000 0.377171
928.000000 0.377144
930.000000 0.377121
932.000000 0.377101
934.000000 0.377084
936.000000 0.377070
938.000000 0.377058
940.000000 0.377048
942.000000 0.377039
944.000000 0.377032
946.000000 0.377026
948.000000 0.377021
950.000000 0.377017
952.000000 0.377013
954.000000 0.377011
956.000000 0.377008
958.000000 0.377006
960.000000 0.377005
962.000000 0.377004
964.000000 0.377003
966.000000 0.377002
968.000000 0.377001
970.000000 0.377001
972.000000 0.377000
974.000000 0.377000
976.000000 0.377000
978.000000 0.376999
980.000000 0.376999
982.000000 0.376999
984.000000 0.376999
986.000000 0.376999
988.000000 0.376999
990.000000 0.376999
992.000000 0.376999
994.000000 0.376999
996.000000 0.376998
998.000000 0.376998
1000.000000 0.376998
1002.000000 0.376968
1004.000000 0.376827
1006.000000 0.376461
1008.000000 0.375737
1010.000000 0.374517
1012.000000 0.372672
1014.000000 0.370096
1016.000000 0.366708
1018.000000 0.362467
1020.000000 0.357371
1022.000000 0.351457
