null
0.000000 0.000000
2.000000 0.000000
4.000000 0.000000
6.000000 0.000000
8.000000 0.000000
10.000000 0.000000
12.000000 0.000000
14.000000 0.000000
16.000000 0.000000
18.000000 0.000000
20.000000 0.000000
22.000000 0.000000
24.000000 0.000000
26.000000 0.000000
28.000000 0.000000
30.000000 0.000000
32.000000 0.000000
34.000000 0.000000
36.000000 0.000000
38.000000 0.000000
40.000000 0.000000
42.000000 0.000000
44.000000 0.000000
46.000000 0.000000
48.000000 0.000000
50.000000 0.000000
52.000000 0.000000
54.000000 0.000000
56.000000 0.000000
58.000000 0.000000
60.000000 0.000000
62.000000 0.000000
64.000000 0.000000
66.000000 0.000000
68.000000 0.000000
70.000000 0.000000
72.000000 0.000000
74.000000 0.000000
76.000000 0.000000
78.000000 0.000000
80.000000 0.000000
82.000000 0.000000
84.000000 0.000000
86.000000 0.000000
88.000000 0.000000
90.000000 0.000000
92.000000 0.000000
94.000000 0.000000
96.000000 0.000000
98.000000 0.000000
100.000000 0.000000
102.000000 0.000000
104.000000 0.000000
106.000000 0.000000
108.000000 0.000000
110.000000 0.000000
112.000000 0.000000
114.000000 0.000000
116.000000 0.000000
118.000000 0.000000
120.000000 0.000000
122.000000 0.000000
124.000000 0.000000
126.000000 0.000000
128.000000 0.000000
130.000000 0.000000
132.000000 0.000000
134.000000 0.000000
136.000000 0.000000
138.000000 0.000000
140.000000 0.000000
142.000000 0.000000
144.000000 0.000000
146.000000 0.000000
148.000000 0.000000
150.000000 0.000000
152.000000 0.000000
154.000000 0.000000
156.000000 0.000000
158.000000 0.000000
160.000000 0.000000
162.000000 0.000000
164.000000 0.000000
166.000000 0.000000
168.000000 0.000000
170.000000 0.000000
172.000000 0.000000
174.000000 0.000000
176.000000 0.000000
178.000000 0.000000
180.000000 0.000000
182.000000 0.000000
184.000000 0.000000
186.000000 0.000000
188.000000 0.000000
190.000000 0.000000
192.000000 0.000000
194.000000 0.000000
196.000000 0.000000
198.000000 0.000000
200.000000 0.000000
202.000000 0.000000
204.000000 0.000000
206.000000 0.000000
208.000000 0.000000
210.000000 0.000000
212.000000 0.000000
214.000000 0.000000
216.000000 0.000000
218.000000 0.000000
220.000000 0.000000
222.000000 0.000000
224.000000 0.000000
226.000000 0.000000
228.000000 0.000000
230.000000 0.000000
232.000000 0.000000
234.000000 0.000000
236.000000 0.000000
238.000000 0.000000
240.000000 0.000000
242.000000 0.000000
244.000000 0.000000
246.000000 0.000000
248.000000 0.000000
250.000000 0.000000
252.000000 0.000000
254.000000 0.000000
256.000000 0.000000
258.000000 0.000000
260.000000 0.000000
262.000000 0.000000
264.000000 0.000000
266.000000 0.000000
268.000000 0.000000
270.000000 0.000000
272.000000 0.000000
274.000000 0.000000
276.000000 0.000000
278.000000 0.000000
280.000000 0.000000
282.000000 0.000000
284.000000 0.000000
286.000000 0.000000
288.000000 0.000000
290.000000 0.000000
292.000000 0.000000
294.000000 0.000000
296.000000 0.000000
298.000000 0.000000
300.000000 0.000000
302.000000 0.000000
304.000000 0.000000
306.000000 0.000000
308.000000 0.000000
310.000000 0.000000
312.000000 0.000000
314.000000 0.000000
316.000000 0.000000
318.000000 0.000000
320.000000 0.000000
322.000000 0.000000
324.000000 0.000000
326.000000 0.000000
328.000000 0.000000
330.000000 0.000000
332.000000 0.000000
334.000000 0.000000
336.000000 0.000000
338.000000 0.000000
340.000000 0.000000
342.000000 0.000000
344.000000 0.000000
346.000000 0.000000
348.000000 0.000000
350.000000 0.000000
352.000000 0.000000
354.000000 0.000000
356.000000 0.000000
358.000000 0.000000
360.000000 0.000000
362.000000 0.000000
364.000000 0.000000
366.000000 0.000000
368.000000 0.000000
370.000000 0.000000
372.000000 0.000000
374.000000 0.000000
376.000000 0.000000
378.000000 0.000000
380.000000 0.000000
382.000000 0.000000
384.000000 0.000000
386.000000 0.000000
388.000000 0.000000
390.000000 0.000000
392.000000 0.000000
394.000000 0.000000
396.000000 0.000000
398.000000 0.000000
400.000000 0.000000
402.000000 0.000000
404.000000 0.000000
406.000000 0.000000
408.000000 0.000000
410.000000 0.000000
412.000000 0.000000
414.000000 0.000000
416.000000 0.000000
418.000000 0.000000
420.000000 0.000000
422.000000 0.000000
424.000000 0.000000
426.000000 0.000000
428.000000 0.000000
430.000000 0.000000
432.000000 0.000000
434.000000 0.000000
436.000000 0.000000
438.000000 0.000000
440.000000 0.000000
442.000000 0.000000
444.000000 0.000000
446.000000 0.000000
448.000000 0.000000
450.000000 0.000000
452.000000 0.000000
454.000000 0.000000
456.000000 0.000000
458.000000 0.000000
460.000000 0.000000
462.000000 0.000000
464.000000 0.000000
466.000000 0.000000
468.000000 0.000000
470.000000 0.000000
472.000000 0.000000
474.000000 0.000000
476.000000 0.000000
478.000000 0.000000
480.000000 0.000000
482.000000 0.000000
484.000000 0.000000
486.000000 0.000000
488.000000 0.000000
490.000000 0.000000
492.000000 0.000000
494.000000 0.000000
496.000000 0.000000
498.000000 0.000000
500.000000 0.000000
502.000000 0.000000
504.000000 0.000000
506.000000 0.000000
508.000000 0.000000
510.000000 0.000000
512.000000 0.203470
514.000000 0.351916
516.000000 0.472698
518.000000 0.570967
520.000000 0.650919
522.000000 0.715969
524.000000 0.768896
526.000000 0.811959
528.000000 0.846997
530.000000 0.875506
532.000000 0.898703
534.000000 0.917576
536.000000 0.932933
538.000000 0.945428
540.000000 0.955595
542.000000 0.963867
544.000000 0.970599
546.000000 0.976075
548.000000 0.980532
550.000000 0.984158
552.000000 0.987109
554.000000 0.989510
556.000000 0.991464
558.000000 0.993053
560.000000 0.994347
562.000000 0.995400
564.000000 0.996256
566.000000 0.996954
568.000000 0.997521
570.000000 0.997982
572.000000 0.998358
574.000000 0.998664
576.000000 0.998913
578.000000 0.999115
580.000000 0.999280
582.000000 0.999414
584.000000 0.999523
586.000000 0.999612
588.000000 0.999684
590.000000 0.999743
592.000000 0.999791
594.000000 0.999830
596.000000 0.999861
598.000000 0.999887
600.000000 0.999908
602.000000 0.999925
604.000000 0.999939
606.000000 0.999950
608.000000 0.999960
610.000000 0.999967
612.000000 0.999973
614.000000 0.999978
616.000000 0.999982
618.000000 0.999985
620.000000 0.999988
622.000000 0.999991
624.000000 0.999992
626.000000 0.999993
628.000000 0.999993
630.000000 0.999993
632.000000 0.999993
634.000000 0.999994
636.000000 0.999994
638.000000 0.999994
640.000000 0.999994
642.000000 0.999995
644.000000 0.999995
646.000000 0.999995
648.000000 0.999995
650.000000 0.999995
652.000000 0.999995
654.000000 0.999995
656.000000 0.999995
658.000000 0.999996
660.000000 0.999996
662.000000 0.999996
664.000000 0.999996
666.000000 0.999996
668.000000 0.999996
670.000000 0.999996
672.000000 0.999996
674.000000 0.999996
676.000000 0.999997
678.000000 0.999997
680.000000 0.999997
682.000000 0.999997
684.000000 0.999997
686.000000 0.999997
688.000000 0.999997
690.000000 0.999997
692.000000 0.999998
694.000000 0.999997
696.000000 0.999998
698.000000 0.999998
700.000000 0.999998
702.000000 0.999998
704.000000 0.999998
706.000000 0.999998
708.000000 0.999998
710.000000 0.999998
712.000000 0.999998
714.000000 0.999998
716.000000 0.999998
718.000000 0.999998
720.000000 0.999998
722.000000 0.999998
724.000000 0.999998
726.000000 0.999998
728.000000 0.999998
730.000000 0.999998
732.000000 0.999998
734.000000 0.999998
736.000000 0.999998
738.000000 0.999998
740.000000 0.999998
742.000000 0.999998
744.000000 0.999998
746.000000 0.999998
748.000000 0.999998
750.000000 0.999998
752.000000 0.999998
754.000000 0.999998
756.000000 0.999998
758.000000 0.999998
760.000000 0.999998
762.000000 0.999998
764.000000 0.999998
766.000000 0.999998
768.000000 0.999998
770.000000 0.999998
772.000000 0.999998
774.000000 0.999998
776.000000 0.999998
778.000000 0.999998
780.000000 0.999998
782.000000 0.999998
784.000000 0.999998
786.000000 0.999998
788.000000 0.999998
790.000000 0.999998
792.000000 0.999998
794.000000 0.999998
796.000000 0.999998
798.000000 0.999998
800.000000 0.999998
802.000000 0.999998
804.000000 0.999998
806.000000 0.999998
808.000000 0.999998
810.000000 0.999998
812.000000 0.999998
814.000000 0.999998
816.000000 0.999998
818.000000 0.999998
820.000000 0.999998
822.000000 0.999998
824.000000 0.999998
826.000000 0.999998
828.000000 0.999998
830.000000 0.999998
832.000000 0.999998
834.000000 0.999998
836.000000 0.999998
838.000000 0.999998
840.000000 0.999998
842.000000 0.999998
844.000000 0.999998
846.000000 0.999998
848.000000 0.999998
850.000000 0.999998
852.000000 0.999998
854.000000 0.999998
856.000000 0.999998
858.000000 0.999998
860.000000 0.999998
862.000000 0.999998
864.000000 0.999998
866.000000 0.999998
868.000000 0.999998
870.000000 0.999998
872.000000 0.999998
874.000000 0.999998
876.000000 0.999998
878.000000 0.999998
880.000000 0.999998
882.000000 0.999998
884.000000 0.999998
886.000000 0.999998
888.000000 0.999998
890.000000 0.999998
892.000000 0.999998
894.000000 0.999998
896.000000 0.999998
898.000000 0.999998
900.000000 0.999998
902.000000 0.999998
904.000000 0.999998
906.000000 0.999998
908.000000 0.999998
910.000000 0.999998
912.000000 0.999998
914.000000 0.999998
916.000000 0.999998
918.000000 0.999998
920.000000 0.999998
922.000000 0.999998
924.000000 0.999998
926.000000 0.999998
928.000000 0.999998
930.000000 0.999998
932.000000 0.999998
934.000000 0.999998
936.000000 0.999998
938.000000 0.999998
940.000000 0.999998
942.000000 0.999998
944.000000 0.999998
946.000000 0.999998
948.000000 0.999998
950.000000 0.999998
952.000000 0.999998
954.000000 0.999998
956.000000 0.999998
958.000000 0.999998
960.000000 0.999998
962.000000 0.999998
964.000000 0.999998
966.000000 0.999998
968.000000 0.999998
970.000000 0.999998
972.000000 0.999998
974.000000 0.999998
976.000000 0.999998
978.000000 0.999998
980.000000 0.999998
982.000000 0.999998
984.000000 0.999998
986.000000 0.999998
988.000000 0.999998
990.000000 0.999998
992.000000 0.999998
994.000000 0.999998
996.000000 0.999998
998.000000 0.999998
1000.000000 0.999998
1002.000000 0.999998
1004.000000 0.999998
1006.000000 0.999998
1008.000000 0.999998
1010.000000 0.999998
1012.000000 0.999998
1014.000000 0.999998
1016.000000 0.999998
1018.000000 0.999998
1020.000000 0.999998
1022.000000 0.999998
