0.000000 0.354192
2.000000 0.354192
4.000000 0.354192
6.000000 0.354192
8.000000 0.354192
10.000000 0.354192
12.000000 0.354192
14.000000 0.354192
16.000000 0.354192
18.000000 0.354192
20.000000 0.354192
22.000000 0.354192
24.000000 0.354192
26.000000 0.354192
28.000000 0.354192
30.000000 0.354192
32.000000 0.354192
34.000000 0.354192
36.000000 0.354192
38.000000 0.354192
40.000000 0.354192
42.000000 0.354192
44.000000 0.354192
46.000000 0.354192
48.000000 0.354192
50.000000 0.354192
52.000000 0.354192
54.000000 0.354192
56.000000 0.354192
58.000000 0.354192
60.000000 0.354192
62.000000 0.354192
64.000000 0.354192
66.000000 0.354192
68.000000 0.354192
70.000000 0.354192
72.000000 0.354192
74.000000 0.354192
76.000000 0.354192
78.000000 0.354192
80.000000 0.354192
82.000000 0.354192
84.000000 0.354192
86.000000 0.354192
88.000000 0.354192
90.000000 0.354192
92.000000 0.354192
94.000000 0.354192
96.000000 0.354192
98.000000 0.354192
100.000000 0.354192
102.000000 0.354192
104.000000 0.354192
106.000000 0.354192
108.000000 0.354192
110.000000 0.354192
112.000000 0.354192
114.000000 0.354192
116.000000 0.354192
118.000000 0.354192
120.000000 0.354192
122.000000 0.354192
124.000000 0.354192
126.000000 0.354192
128.000000 0.354192
130.000000 0.354192
132.000000 0.354192
134.000000 0.354192
136.000000 0.354192
138.000000 0.354192
140.000000 0.354192
142.000000 0.354192
144.000000 0.354192
146.000000 0.354192
148.000000 0.354192
150.000000 0.354192
152.000000 0.354192
154.000000 0.354192
156.000000 0.354192
158.000000 0.354192
160.000000 0.354192
162.000000 0.354192
164.000000 0.354192
166.000000 0.354192
168.000000 0.354192
170.000000 0.354192
172.000000 0.354192
174.000000 0.354192
176.000000 0.354192
178.000000 0.354192
180.000000 0.354192
182.000000 0.354192
184.000000 0.354192
186.000000 0.354192
188.000000 0.354192
190.000000 0.354192
192.000000 0.354192
194.000000 0.354192
196.000000 0.354192
198.000000 0.354192
200.000000 0.354192
202.000000 0.354192
204.000000 0.354192
206.000000 0.354192
208.000000 0.354192
210.000000 0.354192
212.000000 0.354192
214.000000 0.354192
216.000000 0.354192
218.000000 0.354192
220.000000 0.354192
222.000000 0.354192
224.000000 0.354192
226.000000 0.354192
228.000000 0.354192
230.000000 0.354192
232.000000 0.354192
234.000000 0.354192
236.000000 0.354192
238.000000 0.354192
240.000000 0.354192
242.000000 0.354192
244.000000 0.354192
246.000000 0.354192
248.000000 0.354192
250.000000 0.354192
252.000000 0.354192
254.000000 0.354192
256.000000 0.354192
258.000000 0.354192
260.000000 0.354192
262.000000 0.354192
264.000000 0.354192
266.000000 0.354192
268.000000 0.354192
270.000000 0.354192
272.000000 0.354192
274.000000 0.354192
276.000000 0.354192
278.000000 0.354192
280.000000 0.354192
282.000000 0.354192
284.000000 0.354192
286.000000 0.354192
288.000000 0.354192
290.000000 0.354192
292.000000 0.354192
294.000000 0.354192
296.000000 0.354192
298.000000 0.354192
300.000000 0.354192
302.000000 0.354189
304.000000 0.354178
306.000000 0.354153
308.000000 0.354112
310.000000 0.354053
312.000000 0.353978
314.000000 0.353884
316.000000 0.353766
318.000000 0.353619
320.000000 0.353446
322.000000 0.353250
324.000000 0.353037
326.000000 0.352815
328.000000 0.352584
330.000000 0.352352
332.000000 0.352127
334.000000 0.351914
336.000000 0.351717
338.000000 0.351541
340.000000 0.351389
342.000000 0.351260
344.000000 0.351160
346.000000 0.351089
348.000000 0.351047
350.000000 0.351031
352.000000 0.351036
354.000000 0.351057
356.000000 0.351089
358.000000 0.351131
360.000000 0.351184
362.000000 0.351248
364.000000 0.351323
366.000000 0.351406
368.000000 0.351497
370.000000 0.351595
372.000000 0.351698
374.000000 0.351808
376.000000 0.351924
378.000000 0.352042
380.000000 0.352158
382.000000 0.352268
384.000000 0.352366
386.000000 0.352453
388.000000 0.352525
390.000000 0.352583
392.000000 0.352627
394.000000 0.352658
396.000000 0.352679
398.000000 0.352692
400.000000 0.352700
402.000000 0.352708
404.000000 0.352718
406.000000 0.352732
408.000000 0.352752
410.000000 0.352780
412.000000 0.352816
414.000000 0.352860
416.000000 0.352911
418.000000 0.352967
420.000000 0.353025
422.000000 0.353083
424.000000 0.353134
426.000000 0.353178
428.000000 0.353216
430.000000 0.353245
432.000000 0.353263
434.000000 0.353265
436.000000 0.353253
438.000000 0.353225
440.000000 0.353180
442.000000 0.353120
444.000000 0.353050
446.000000 0.352973
448.000000 0.352890
450.000000 0.352803
452.000000 0.352717
454.000000 0.352637
456.000000 0.352569
458.000000 0.352516
460.000000 0.352474
462.000000 0.352439
464.000000 0.352409
466.000000 0.352383
468.000000 0.352360
470.000000 0.352339
472.000000 0.352320
474.000000 0.352300
476.000000 0.352278
478.000000 0.352251
480.000000 0.352217
482.000000 0.352178
484.000000 0.352141
486.000000 0.352110
488.000000 0.352087
490.000000 0.352074
492.000000 0.352072
494.000000 0.352085
496.000000 0.352114
498.000000 0.352158
500.000000 0.352213
502.000000 0.352283
504.000000 0.352363
506.000000 0.352453
508.000000 0.352551
510.000000 0.352653
512.000000 0.352757
514.000000 0.352860
516.000000 0.352957
518.000000 0.353041
520.000000 0.353110
522.000000 0.353160
524.000000 0.353194
526.000000 0.353210
528.000000 0.353213
530.000000 0.353203
532.000000 0.353184
534.000000 0.353159
536.000000 0.353130
538.000000 0.353101
540.000000 0.353073
542.000000 0.353046
544.000000 0.353022
546.000000 0.353000
548.000000 0.352980
550.000000 0.352961
552.000000 0.352945
554.000000 0.352937
556.000000 0.352935
558.000000 0.352940
560.000000 0.352951
562.000000 0.352966
564.000000 0.352985
566.000000 0.353005
568.000000 0.353024
570.000000 0.353040
572.000000 0.353051
574.000000 0.353056
576.000000 0.353053
578.000000 0.353043
580.000000 0.353025
582.000000 0.353001
584.000000 0.352972
586.000000 0.352941
588.000000 0.352912
590.000000 0.352889
592.000000 0.352872
594.000000 0.352859
596.000000 0.352851
598.000000 0.352844
600.000000 0.352836
602.000000 0.352828
604.000000 0.352815
606.000000 0.352796
608.000000 0.352774
610.000000 0.352750
612.000000 0.352720
614.000000 0.352686
616.000000 0.352651
618.000000 0.352617
620.000000 0.352584
622.000000 0.352551
624.000000 0.352519
626.000000 0.352495
628.000000 0.352482
630.000000 0.352486
632.000000 0.352506
634.000000 0.352543
636.000000 0.352594
638.000000 0.352658
640.000000 0.352732
642.000000 0.352813
644.000000 0.352902
646.000000 0.352999
648.000000 0.353098
650.000000 0.353191
652.000000 0.353272
654.000000 0.353337
656.000000 0.353384
658.000000 0.353416
660.000000 0.353432
662.000000 0.353431
664.000000 0.353415
666.000000 0.353388
668.000000 0.353354
670.000000 0.353316
672.000000 0.353277
674.000000 0.353242
676.000000 0.353209
678.000000 0.353179
680.000000 0.353147
682.000000 0.353116
684.000000 0.353086
686.000000 0.353055
688.000000 0.353022
690.000000 0.352985
692.000000 0.352942
694.000000 0.352892
696.000000 0.352836
698.000000 0.352772
700.000000 0.352701
702.000000 0.352624
704.000000 0.352544
706.000000 0.352461
708.000000 0.352378
710.000000 0.352298
712.000000 0.352224
714.000000 0.352159
716.000000 0.352104
718.000000 0.352064
720.000000 0.352039
722.000000 0.352031
724.000000 0.352041
726.000000 0.352070
728.000000 0.352118
730.000000 0.352179
732.000000 0.352246
734.000000 0.352317
736.000000 0.352386
738.000000 0.352451
740.000000 0.352509
742.000000 0.352559
744.000000 0.352598
746.000000 0.352623
748.000000 0.352635
750.000000 0.352636
752.000000 0.352634
754.000000 0.352630
756.000000 0.352631
758.000000 0.352636
760.000000 0.352645
762.000000 0.352657
764.000000 0.352672
766.000000 0.352692
768.000000 0.352714
770.000000 0.352738
772.000000 0.352765
774.000000 0.352791
776.000000 0.352816
778.000000 0.352841
780.000000 0.352867
782.000000 0.352890
784.000000 0.352909
786.000000 0.352925
788.000000 0.352943
790.000000 0.352965
792.000000 0.352993
794.000000 0.353021
796.000000 0.353045
798.000000 0.353062
800.000000 0.353069
802.000000 0.353067
804.000000 0.353054
806.000000 0.353031
808.000000 0.352998
810.000000 0.352952
812.000000 0.352893
814.000000 0.352825
816.000000 0.352755
818.000000 0.352693
820.000000 0.352640
822.000000 0.352601
824.000000 0.352572
826.000000 0.352555
828.000000 0.352553
830.000000 0.352565
832.000000 0.352587
834.000000 0.352616
836.000000 0.352653
838.000000 0.352693
840.000000 0.352734
842.000000 0.352776
844.000000 0.352814
846.000000 0.352846
848.000000 0.352869
850.000000 0.352886
852.000000 0.352899
854.000000 0.352910
856.000000 0.352922
858.000000 0.352933
860.000000 0.352942
862.000000 0.352945
864.000000 0.352942
866.000000 0.352932
868.000000 0.352917
870.000000 0.352895
872.000000 0.352867
874.000000 0.352831
876.000000 0.352786
878.000000 0.352737
880.000000 0.352688
882.000000 0.352642
884.000000 0.352603
886.000000 0.352573
888.000000 0.352554
890.000000 0.352547
892.000000 0.352550
894.000000 0.352562
896.000000 0.352581
898.000000 0.352605
900.000000 0.352630
902.000000 0.352653
904.000000 0.352672
906.000000 0.352683
908.000000 0.352686
910.000000 0.352679
912.000000 0.352662
914.000000 0.352635
916.000000 0.352600
918.000000 0.352557
920.000000 0.352511
922.000000 0.352464
924.000000 0.352423
926.000000 0.352387
928.000000 0.352356
930.000000 0.352333
932.000000 0.352321
934.000000 0.352324
936.000000 0.352340
938.000000 0.352372
940.000000 0.352420
942.000000 0.352483
944.000000 0.352555
946.000000 0.352634
948.000000 0.352719
950.000000 0.352807
952.000000 0.352895
954.000000 0.352976
956.000000 0.353044
958.000000 0.353098
960.000000 0.353141
962.000000 0.353176
964.000000 0.353207
966.000000 0.353233
968.000000 0.353256
970.000000 0.353277
972.000000 0.353297
974.000000 0.353317
976.000000 0.353339
978.000000 0.353366
980.000000 0.353400
982.000000 0.353439
984.000000 0.353477
986.000000 0.353508
988.000000 0.353530
990.000000 0.353544
992.000000 0.353546
994.000000 0.353533
996.000000 0.353503
998.000000 0.353460
1000.000000 0.353405
1002.000000 0.353335
1004.000000 0.353255
1006.000000 0.353165
1008.000000 0.353067
1010.000000 0.352965
1012.000000 0.352861
1014.000000 0.352758
1016.000000 0.352661
1018.000000 0.352576
1020.000000 0.352508
1022.000000 0.352457
