cone=1
0.000000 0.354192
2.000000 0.354192
4.000000 0.354192
6.000000 0.354192
8.000000 0.354192
10.000000 0.354192
12.000000 0.354192
14.000000 0.354192
16.000000 0.354192
18.000000 0.354192
20.000000 0.354192
22.000000 0.354192
24.000000 0.354192
26.000000 0.354192
28.000000 0.354192
30.000000 0.354192
32.000000 0.354192
34.000000 0.354192
36.000000 0.354192
38.000000 0.354192
40.000000 0.354192
42.000000 0.354192
44.000000 0.354192
46.000000 0.354192
48.000000 0.354192
50.000000 0.354192
52.000000 0.354192
54.000000 0.354192
56.000000 0.354192
58.000000 0.354192
60.000000 0.354192
62.000000 0.354192
64.000000 0.354192
66.000000 0.354192
68.000000 0.354192
70.000000 0.354192
72.000000 0.354192
74.000000 0.354192
76.000000 0.354192
78.000000 0.354192
80.000000 0.354192
82.000000 0.354192
84.000000 0.354192
86.000000 0.354192
88.000000 0.354192
90.000000 0.354192
92.000000 0.354192
94.000000 0.354192
96.000000 0.354192
98.000000 0.354192
100.000000 0.354192
102.000000 0.354190
104.000000 0.354178
106.000000 0.354154
108.000000 0.354111
110.000000 0.354048
112.000000 0.353963
114.000000 0.353854
116.000000 0.353724
118.000000 0.353573
120.000000 0.353406
122.000000 0.353226
124.000000 0.353038
126.000000 0.352846
128.000000 0.352656
130.000000 0.352472
132.000000 0.352299
134.000000 0.352139
136.000000 0.351996
138.000000 0.351872
140.000000 0.351768
142.000000 0.351685
144.000000 0.351622
146.000000 0.351579
148.000000 0.351554
150.000000 0.351547
152.000000 0.351554
154.000000 0.351575
156.000000 0.351607
158.000000 0.351649
160.000000 0.351698
162.000000 0.351753
164.000000 0.351813
166.000000 0.351875
168.000000 0.351939
170.000000 0.352004
172.000000 0.352068
174.000000 0.352132
176.000000 0.352195
178.000000 0.352255
180.000000 0.352313
182.000000 0.352369
184.000000 0.352422
186.000000 0.352472
188.000000 0.352519
190.000000 0.352563
192.000000 0.352605
194.000000 0.352643
196.000000 0.352679
198.000000 0.352712
200.000000 0.352742
202.000000 0.352770
204.000000 0.352795
206.000000 0.352819
208.000000 0.352840
210.000000 0.352859
212.000000 0.352876
214.000000 0.352891
216.000000 0.352905
218.000000 0.352918
220.000000 0.352929
222.000000 0.352939
224.000000 0.352947
226.000000 0.352955
228.000000 0.352961
230.000000 0.352963
232.000000 0.352960
234.000000 0.352951
236.000000 0.352934
238.000000 0.352909
240.000000 0.352876
242.000000 0.352836
244.000000 0.352789
246.000000 0.352735
248.000000 0.352678
250.000000 0.352617
252.000000 0.352555
254.000000 0.352494
256.000000 0.352434
258.000000 0.352378
260.000000 0.352326
262.000000 0.352279
264.000000 0.352239
266.000000 0.352205
268.000000 0.352178
270.000000 0.352157
272.000000 0.352143
274.000000 0.352135
276.000000 0.352133
278.000000 0.352136
280.000000 0.352143
282.000000 0.352153
284.000000 0.352167
286.000000 0.352183
288.000000 0.352201
290.000000 0.352221
292.000000 0.352241
294.000000 0.352263
296.000000 0.352284
298.000000 0.352305
300.000000 0.352326
302.000000 0.352347
304.000000 0.352367
306.000000 0.352386
308.000000 0.352404
310.000000 0.352421
312.000000 0.352438
314.000000 0.352454
316.000000 0.352468
318.000000 0.352482
320.000000 0.352494
322.000000 0.352506
324.000000 0.352517
326.000000 0.352527
328.000000 0.352536
330.000000 0.352545
332.000000 0.352552
334.000000 0.352559
336.000000 0.352565
338.000000 0.352571
340.000000 0.352576
342.000000 0.352581
344.000000 0.352585
346.000000 0.352588
348.000000 0.352592
350.000000 0.352594
352.000000 0.352597
354.000000 0.352599
356.000000 0.352601
358.000000 0.352603
360.000000 0.352604
362.000000 0.352606
364.000000 0.352607
366.000000 0.352608
368.000000 0.352609
370.000000 0.352609
372.000000 0.352610
374.000000 0.352611
376.000000 0.352611
378.000000 0.352611
380.000000 0.352612
382.000000 0.352612
384.000000 0.352612
386.000000 0.352612
388.000000 0.352613
390.000000 0.352613
392.000000 0.352613
394.000000 0.352613
396.000000 0.352613
398.000000 0.352613
400.000000 0.352613
402.000000 0.352613
404.000000 0.352613
406.000000 0.352613
408.000000 0.352613
410.000000 0.352613
412.000000 0.352613
414.000000 0.352613
416.000000 0.352613
418.000000 0.352613
420.000000 0.352613
422.000000 0.352613
424.000000 0.352613
426.000000 0.352613
428.000000 0.352613
430.000000 0.352613
432.000000 0.352613
434.000000 0.352613
436.000000 0.352613
438.000000 0.352613
440.000000 0.352613
442.000000 0.352613
444.000000 0.352613
446.000000 0.352613
448.000000 0.352613
450.000000 0.352613
452.000000 0.352613
454.000000 0.352613
456.000000 0.352613
458.000000 0.352613
460.000000 0.352613
462.000000 0.352613
464.000000 0.352613
466.000000 0.352613
468.000000 0.352613
470.000000 0.352613
472.000000 0.352613
474.000000 0.352613
476.000000 0.352613
478.000000 0.352614
480.000000 0.352618
482.000000 0.352626
484.000000 0.352640
486.000000 0.352661
488.000000 0.352689
490.000000 0.352725
492.000000 0.352768
494.000000 0.352817
496.000000 0.352872
498.000000 0.352932
500.000000 0.352993
502.000000 0.353057
504.000000 0.353119
506.000000 0.353180
508.000000 0.353237
510.000000 0.353289
512.000000 0.353336
514.000000 0.353377
516.000000 0.353411
518.000000 0.353439
520.000000 0.353459
522.000000 0.353474
524.000000 0.353482
526.000000 0.353484
528.000000 0.353482
530.000000 0.353475
532.000000 0.353464
534.000000 0.353451
536.000000 0.353435
538.000000 0.353416
540.000000 0.353397
542.000000 0.353376
544.000000 0.353355
546.000000 0.353334
548.000000 0.353313
550.000000 0.353292
552.000000 0.353271
554.000000 0.353251
556.000000 0.353232
558.000000 0.353214
560.000000 0.353196
562.000000 0.353180
564.000000 0.353164
566.000000 0.353150
568.000000 0.353136
570.000000 0.353123
572.000000 0.353112
574.000000 0.353101
576.000000 0.353091
578.000000 0.353082
580.000000 0.353073
582.000000 0.353066
584.000000 0.353059
586.000000 0.353053
588.000000 0.353047
590.000000 0.353042
592.000000 0.353037
594.000000 0.353033
596.000000 0.353029
598.000000 0.353026
600.000000 0.353023
602.000000 0.353021
604.000000 0.353019
606.000000 0.353017
608.000000 0.353015
610.000000 0.353013
612.000000 0.353012
614.000000 0.353011
616.000000 0.353010
618.000000 0.353009
620.000000 0.353008
622.000000 0.353008
624.000000 0.353007
626.000000 0.353007
628.000000 0.353006
630.000000 0.353006
632.000000 0.353006
634.000000 0.353006
636.000000 0.353005
638.000000 0.353005
640.000000 0.353005
642.000000 0.353005
644.000000 0.353005
646.000000 0.353005
648.000000 0.353005
650.000000 0.353005
652.000000 0.353005
654.000000 0.353005
656.000000 0.353005
658.000000 0.353005
660.000000 0.353005
662.000000 0.353004
664.000000 0.353004
666.000000 0.353004
668.000000 0.353004
670.000000 0.353004
672.000000 0.353004
674.000000 0.353004
676.000000 0.353004
678.000000 0.353004
680.000000 0.353004
682.000000 0.353004
684.000000 0.353004
686.000000 0.353004
688.000000 0.353004
690.000000 0.353004
692.000000 0.353004
694.000000 0.353004
696.000000 0.353004
698.000000 0.353004
700.000000 0.353004
702.000000 0.353004
704.000000 0.353004
706.000000 0.353004
708.000000 0.353004
710.000000 0.353004
712.000000 0.353004
714.000000 0.353004
716.000000 0.353004
718.000000 0.353004
720.000000 0.353004
722.000000 0.353004
724.000000 0.353004
726.000000 0.353004
728.000000 0.353003
730.000000 0.353000
732.000000 0.352992
734.000000 0.352978
736.000000 0.352957
738.000000 0.352929
740.000000 0.352893
742.000000 0.352850
744.000000 0.352801
746.000000 0.352746
748.000000 0.352686
750.000000 0.352624
752.000000 0.352561
754.000000 0.352499
756.000000 0.352438
758.000000 0.352381
760.000000 0.352329
762.000000 0.352282
764.000000 0.352241
766.000000 0.352207
768.000000 0.352179
770.000000 0.352158
772.000000 0.352144
774.000000 0.352136
776.000000 0.352134
778.000000 0.352136
780.000000 0.352143
782.000000 0.352154
784.000000 0.352167
786.000000 0.352183
788.000000 0.352201
790.000000 0.352221
792.000000 0.352241
794.000000 0.352263
796.000000 0.352284
798.000000 0.352305
800.000000 0.352326
802.000000 0.352347
804.000000 0.352367
806.000000 0.352386
808.000000 0.352404
810.000000 0.352421
812.000000 0.352438
814.000000 0.352454
816.000000 0.352468
818.000000 0.352482
820.000000 0.352494
822.000000 0.352506
824.000000 0.352517
826.000000 0.352527
828.000000 0.352536
830.000000 0.352545
832.000000 0.352552
834.000000 0.352559
836.000000 0.352565
838.000000 0.352571
840.000000 0.352576
842.000000 0.352581
844.000000 0.352585
846.000000 0.352588
848.000000 0.352592
850.000000 0.352594
852.000000 0.352597
854.000000 0.352599
856.000000 0.352601
858.000000 0.352603
860.000000 0.352604
862.000000 0.352606
864.000000 0.352607
866.000000 0.352608
868.000000 0.352609
870.000000 0.352609
872.000000 0.352610
874.000000 0.352611
876.000000 0.352611
878.000000 0.352611
880.000000 0.352612
882.000000 0.352612
884.000000 0.352612
886.000000 0.352612
888.000000 0.352613
890.000000 0.352613
892.000000 0.352613
894.000000 0.352613
896.000000 0.352613
898.000000 0.352613
900.000000 0.352613
902.000000 0.352613
904.000000 0.352613
906.000000 0.352613
908.000000 0.352613
910.000000 0.352613
912.000000 0.352613
914.000000 0.352613
916.000000 0.352613
918.000000 0.352613
920.000000 0.352613
922.000000 0.352613
924.000000 0.352613
926.000000 0.352613
928.000000 0.352613
930.000000 0.352613
932.000000 0.352613
934.000000 0.352613
936.000000 0.352613
938.000000 0.352613
940.000000 0.352613
942.000000 0.352613
944.000000 0.352613
946.000000 0.352613
948.000000 0.352613
950.000000 0.352613
952.000000 0.352613
954.000000 0.352613
956.000000 0.352613
958.000000 0.352613
960.000000 0.352613
962.000000 0.352613
964.000000 0.352613
966.000000 0.352613
968.000000 0.352613
970.000000 0.352613
972.000000 0.352613
974.000000 0.352613
976.000000 0.352613
978.000000 0.352614
980.000000 0.352618
982.000000 0.352626
984.000000 0.352640
986.000000 0.352661
988.000000 0.352689
990.000000 0.352725
992.000000 0.352768
994.000000 0.352817
996.000000 0.352872
998.000000 0.352932
1000.000000 0.352993
1002.000000 0.353057
1004.000000 0.353119
1006.000000 0.353180
1008.000000 0.353237
1010.000000 0.353289
1012.000000 0.353336
1014.000000 0.353377
1016.000000 0.353411
1018.000000 0.353439
1020.000000 0.353459
1022.000000 0.353474
