0.000000 0.373315
2.000000 0.373315
4.000000 0.373315
6.000000 0.373315
8.000000 0.373315
10.000000 0.373315
12.000000 0.373315
14.000000 0.373315
16.000000 0.373315
18.000000 0.373315
20.000000 0.373315
22.000000 0.373315
24.000000 0.373315
26.000000 0.373315
28.000000 0.373315
30.000000 0.373315
32.000000 0.373315
34.000000 0.373315
36.000000 0.373315
38.000000 0.373315
40.000000 0.373315
42.000000 0.373315
44.000000 0.373315
46.000000 0.373315
48.000000 0.373315
50.000000 0.373315
52.000000 0.373315
54.000000 0.373315
56.000000 0.373315
58.000000 0.373315
60.000000 0.373315
62.000000 0.373315
64.000000 0.373315
66.000000 0.373315
68.000000 0.373315
70.000000 0.373315
72.000000 0.373315
74.000000 0.373315
76.000000 0.373315
78.000000 0.373315
80.000000 0.373315
82.000000 0.373315
84.000000 0.373315
86.000000 0.373315
88.000000 0.373315
90.000000 0.373315
92.000000 0.373315
94.000000 0.373315
96.000000 0.373315
98.000000 0.373315
100.000000 0.373315
102.000000 0.373315
104.000000 0.373315
106.000000 0.373315
108.000000 0.373315
110.000000 0.373315
112.000000 0.373315
114.000000 0.373315
116.000000 0.373315
118.000000 0.373315
120.000000 0.373315
122.000000 0.373315
124.000000 0.373315
126.000000 0.373315
128.000000 0.373315
130.000000 0.373315
132.000000 0.373315
134.000000 0.373315
136.000000 0.373315
138.000000 0.373315
140.000000 0.373315
142.000000 0.373315
144.000000 0.373315
146.000000 0.373315
148.000000 0.373315
150.000000 0.373315
152.000000 0.373315
154.000000 0.373315
156.000000 0.373315
158.000000 0.373315
160.000000 0.373315
162.000000 0.373315
164.000000 0.373315
166.000000 0.373315
168.000000 0.373315
170.000000 0.373315
172.000000 0.373315
174.000000 0.373315
176.000000 0.373315
178.000000 0.373315
180.000000 0.373315
182.000000 0.373315
184.000000 0.373315
186.000000 0.373315
188.000000 0.373315
190.000000 0.373315
192.000000 0.373315
194.000000 0.373315
196.000000 0.373315
198.000000 0.373315
200.000000 0.373315
202.000000 0.373315
204.000000 0.373315
206.000000 0.373315
208.000000 0.373315
210.000000 0.373315
212.000000 0.373315
214.000000 0.373315
216.000000 0.373315
218.000000 0.373315
220.000000 0.373315
222.000000 0.373315
224.000000 0.373315
226.000000 0.373315
228.000000 0.373315
230.000000 0.373315
232.000000 0.373315
234.000000 0.373315
236.000000 0.373315
238.000000 0.373315
240.000000 0.373315
242.000000 0.373315
244.000000 0.373315
246.000000 0.373315
248.000000 0.373315
250.000000 0.373315
252.000000 0.373315
254.000000 0.373315
256.000000 0.373315
258.000000 0.373315
260.000000 0.373315
262.000000 0.373315
264.000000 0.373315
266.000000 0.373315
268.000000 0.373315
270.000000 0.373315
272.000000 0.373315
274.000000 0.373315
276.000000 0.373315
278.000000 0.373315
280.000000 0.373315
282.000000 0.373315
284.000000 0.373315
286.000000 0.373315
288.000000 0.373315
290.000000 0.373315
292.000000 0.373315
294.000000 0.373315
296.000000 0.373315
298.000000 0.373315
300.000000 0.373315
302.000000 0.373313
304.000000 0.373303
306.000000 0.373281
308.000000 0.373243
310.000000 0.373188
312.000000 0.373117
314.000000 0.373026
316.000000 0.372909
318.000000 0.372761
320.000000 0.372582
322.000000 0.372377
324.000000 0.372153
326.000000 0.371917
328.000000 0.371670
330.000000 0.371420
332.000000 0.371175
334.000000 0.370943
336.000000 0.370726
338.000000 0.370531
340.000000 0.370361
342.000000 0.370217
344.000000 0.370102
346.000000 0.370018
348.000000 0.369966
350.000000 0.369942
352.000000 0.369941
354.000000 0.369957
356.000000 0.369984
358.000000 0.370023
360.000000 0.370071
362.000000 0.370131
364.000000 0.370201
366.000000 0.370282
368.000000 0.370373
370.000000 0.370475
372.000000 0.370587
374.000000 0.370709
376.000000 0.370841
378.000000 0.370976
380.000000 0.371108
382.000000 0.371231
384.000000 0.371341
386.000000 0.371434
388.000000 0.371510
390.000000 0.371567
392.000000 0.371607
394.000000 0.371632
396.000000 0.371647
398.000000 0.371654
400.000000 0.371658
402.000000 0.371665
404.000000 0.371678
406.000000 0.371700
408.000000 0.371734
410.000000 0.371780
412.000000 0.371839
414.000000 0.371909
416.000000 0.371989
418.000000 0.372075
420.000000 0.372162
422.000000 0.372246
424.000000 0.372320
426.000000 0.372386
428.000000 0.372440
430.000000 0.372481
432.000000 0.372508
434.000000 0.372514
436.000000 0.372502
438.000000 0.372471
440.000000 0.372418
442.000000 0.372346
444.000000 0.372260
446.000000 0.372164
448.000000 0.372060
450.000000 0.371948
452.000000 0.371835
454.000000 0.371727
456.000000 0.371631
458.000000 0.371550
460.000000 0.371480
462.000000 0.371420
464.000000 0.371367
466.000000 0.371319
468.000000 0.371275
470.000000 0.371234
472.000000 0.371195
474.000000 0.371157
476.000000 0.371117
478.000000 0.371076
480.000000 0.371030
482.000000 0.370983
484.000000 0.370941
486.000000 0.370910
488.000000 0.370893
490.000000 0.370889
492.000000 0.370901
494.000000 0.370934
496.000000 0.370988
498.000000 0.371059
500.000000 0.371145
502.000000 0.371248
504.000000 0.371364
506.000000 0.371489
508.000000 0.371621
510.000000 0.371757
512.000000 0.371890
514.000000 0.372018
516.000000 0.372134
518.000000 0.372233
520.000000 0.372312
522.000000 0.372369
524.000000 0.372403
526.000000 0.372416
528.000000 0.372410
530.000000 0.372389
532.000000 0.372354
534.000000 0.372310
536.000000 0.372261
538.000000 0.372210
540.000000 0.372159
542.000000 0.372110
544.000000 0.372063
546.000000 0.372019
548.000000 0.371977
550.000000 0.371936
552.000000 0.371899
554.000000 0.371871
556.000000 0.371853
558.000000 0.371847
560.000000 0.371852
562.000000 0.371868
564.000000 0.371893
566.000000 0.371926
568.000000 0.371962
570.000000 0.372000
572.000000 0.372035
574.000000 0.372067
576.000000 0.372093
578.000000 0.372111
580.000000 0.372123
582.000000 0.372126
584.000000 0.372122
586.000000 0.372114
588.000000 0.372104
590.000000 0.372096
592.000000 0.372089
594.000000 0.372082
596.000000 0.372076
598.000000 0.372068
600.000000 0.372056
602.000000 0.372039
604.000000 0.372016
606.000000 0.371983
608.000000 0.371944
610.000000 0.371899
612.000000 0.371847
614.000000 0.371789
616.000000 0.371729
618.000000 0.371669
620.000000 0.371611
622.000000 0.371553
624.000000 0.371498
626.000000 0.371453
628.000000 0.371422
630.000000 0.371411
632.000000 0.371420
634.000000 0.371450
636.000000 0.371501
638.000000 0.371571
640.000000 0.371656
642.000000 0.371757
644.000000 0.371869
646.000000 0.371993
648.000000 0.372122
650.000000 0.372247
652.000000 0.372359
654.000000 0.372453
656.000000 0.372527
658.000000 0.372585
660.000000 0.372623
662.000000 0.372642
664.000000 0.372640
666.000000 0.372626
668.000000 0.372601
670.000000 0.372569
672.000000 0.372533
674.000000 0.372495
676.000000 0.372458
678.000000 0.372420
680.000000 0.372376
682.000000 0.372330
684.000000 0.372280
686.000000 0.372228
688.000000 0.372171
690.000000 0.372111
692.000000 0.372044
694.000000 0.371969
696.000000 0.371888
698.000000 0.371799
700.000000 0.371703
702.000000 0.371602
704.000000 0.371495
706.000000 0.371387
708.000000 0.371279
710.000000 0.371175
712.000000 0.371078
714.000000 0.370993
716.000000 0.370922
718.000000 0.370869
720.000000 0.370837
722.000000 0.370828
724.000000 0.370845
726.000000 0.370886
728.000000 0.370955
730.000000 0.371044
732.000000 0.371145
734.000000 0.371253
736.000000 0.371361
738.000000 0.371463
740.000000 0.371555
742.000000 0.371632
744.000000 0.371693
746.000000 0.371735
748.000000 0.371757
750.000000 0.371766
752.000000 0.371767
754.000000 0.371766
756.000000 0.371768
758.000000 0.371773
760.000000 0.371783
762.000000 0.371794
764.000000 0.371810
766.000000 0.371830
768.000000 0.371852
770.000000 0.371878
772.000000 0.371906
774.000000 0.371932
776.000000 0.371957
778.000000 0.371982
780.000000 0.372006
782.000000 0.372027
784.000000 0.372042
786.000000 0.372054
788.000000 0.372067
790.000000 0.372085
792.000000 0.372110
794.000000 0.372134
796.000000 0.372155
798.000000 0.372168
800.000000 0.372172
802.000000 0.372163
804.000000 0.372142
806.000000 0.372106
808.000000 0.372057
810.000000 0.371993
812.000000 0.371914
814.000000 0.371825
816.000000 0.371736
818.000000 0.371655
820.000000 0.371589
822.000000 0.371539
824.000000 0.371503
826.000000 0.371484
828.000000 0.371482
830.000000 0.371500
832.000000 0.371529
834.000000 0.371569
836.000000 0.371618
838.000000 0.371672
840.000000 0.371728
842.000000 0.371785
844.000000 0.371838
846.000000 0.371884
848.000000 0.371921
850.000000 0.371950
852.000000 0.371974
854.000000 0.371994
856.000000 0.372016
858.000000 0.372037
860.000000 0.372056
862.000000 0.372070
864.000000 0.372077
866.000000 0.372076
868.000000 0.372066
870.000000 0.372045
872.000000 0.372013
874.000000 0.371970
876.000000 0.371914
878.000000 0.371853
880.000000 0.371793
882.000000 0.371737
884.000000 0.371691
886.000000 0.371657
888.000000 0.371638
890.000000 0.371634
892.000000 0.371643
894.000000 0.371663
896.000000 0.371691
898.000000 0.371723
900.000000 0.371754
902.000000 0.371780
904.000000 0.371797
906.000000 0.371802
908.000000 0.371793
910.000000 0.371769
912.000000 0.371730
914.000000 0.371677
916.000000 0.371613
918.000000 0.371541
920.000000 0.371467
922.000000 0.371394
924.000000 0.371330
926.000000 0.371273
928.000000 0.371227
930.000000 0.371192
932.000000 0.371171
934.000000 0.371170
936.000000 0.371186
938.000000 0.371221
940.000000 0.371277
942.000000 0.371353
944.000000 0.371441
946.000000 0.371539
948.000000 0.371645
950.000000 0.371758
952.000000 0.371873
954.000000 0.371982
956.000000 0.372079
958.000000 0.372161
960.000000 0.372231
962.000000 0.372292
964.000000 0.372345
966.000000 0.372393
968.000000 0.372437
970.000000 0.372479
972.000000 0.372518
974.000000 0.372557
976.000000 0.372596
978.000000 0.372638
980.000000 0.372683
982.000000 0.372731
984.000000 0.372773
986.000000 0.372804
988.000000 0.372822
990.000000 0.372825
992.000000 0.372813
994.000000 0.372780
996.000000 0.372726
998.000000 0.372656
1000.000000 0.372569
1002.000000 0.372466
1004.000000 0.372350
1006.000000 0.372225
1008.000000 0.372093
1010.000000 0.371957
1012.000000 0.371825
1014.000000 0.371696
1016.000000 0.371580
1018.000000 0.371481
1020.000000 0.371402
1022.000000 0.371346
