cone=1
0.000000 0.373315
2.000000 0.373315
4.000000 0.373315
6.000000 0.373315
8.000000 0.373315
10.000000 0.373315
12.000000 0.373315
14.000000 0.373315
16.000000 0.373315
18.000000 0.373315
20.000000 0.373315
22.000000 0.373315
24.000000 0.373315
26.000000 0.373315
28.000000 0.373315
30.000000 0.373315
32.000000 0.373315
34.000000 0.373315
36.000000 0.373315
38.000000 0.373315
40.000000 0.373315
42.000000 0.373315
44.000000 0.373315
46.000000 0.373315
48.000000 0.373315
50.000000 0.373315
52.000000 0.373315
54.000000 0.373315
56.000000 0.373315
58.000000 0.373315
60.000000 0.373315
62.000000 0.373315
64.000000 0.373315
66.000000 0.373315
68.000000 0.373315
70.000000 0.373315
72.000000 0.373315
74.000000 0.373315
76.000000 0.373315
78.000000 0.373315
80.000000 0.373315
82.000000 0.373315
84.000000 0.373315
86.000000 0.373315
88.000000 0.373315
90.000000 0.373315
92.000000 0.373315
94.000000 0.373315
96.000000 0.373315
98.000000 0.373315
100.000000 0.373315
102.000000 0.373313
104.000000 0.373303
106.000000 0.373281
108.000000 0.373243
110.000000 0.373187
112.000000 0.373110
114.000000 0.373014
116.000000 0.372897
118.000000 0.372763
120.000000 0.372614
122.000000 0.372453
124.000000 0.372286
126.000000 0.372115
128.000000 0.371946
130.000000 0.371781
132.000000 0.371627
134.000000 0.371485
136.000000 0.371357
138.000000 0.371246
140.000000 0.371154
142.000000 0.371079
144.000000 0.371023
146.000000 0.370985
148.000000 0.370963
150.000000 0.370956
152.000000 0.370963
154.000000 0.370981
156.000000 0.371010
158.000000 0.371047
160.000000 0.371091
162.000000 0.371140
164.000000 0.371193
166.000000 0.371248
168.000000 0.371306
170.000000 0.371363
172.000000 0.371421
174.000000 0.371478
176.000000 0.371533
178.000000 0.371587
180.000000 0.371639
182.000000 0.371689
184.000000 0.371736
186.000000 0.371781
188.000000 0.371823
190.000000 0.371862
192.000000 0.371899
194.000000 0.371934
196.000000 0.371965
198.000000 0.371995
200.000000 0.372022
202.000000 0.372047
204.000000 0.372069
206.000000 0.372090
208.000000 0.372109
210.000000 0.372126
212.000000 0.372141
214.000000 0.372155
216.000000 0.372167
218.000000 0.372178
220.000000 0.372188
222.000000 0.372197
224.000000 0.372205
226.000000 0.372212
228.000000 0.372216
230.000000 0.372213
232.000000 0.372201
234.000000 0.372177
236.000000 0.372138
238.000000 0.372084
240.000000 0.372014
242.000000 0.371928
244.000000 0.371829
246.000000 0.371719
248.000000 0.371599
250.000000 0.371474
252.000000 0.371347
254.000000 0.371220
256.000000 0.371097
258.000000 0.370981
260.000000 0.370875
262.000000 0.370779
264.000000 0.370696
266.000000 0.370627
268.000000 0.370571
270.000000 0.370529
272.000000 0.370500
274.000000 0.370484
276.000000 0.370479
278.000000 0.370484
280.000000 0.370498
282.000000 0.370520
284.000000 0.370548
286.000000 0.370581
288.000000 0.370618
290.000000 0.370658
292.000000 0.370700
294.000000 0.370743
296.000000 0.370786
298.000000 0.370830
300.000000 0.370873
302.000000 0.370914
304.000000 0.370955
306.000000 0.370994
308.000000 0.371031
310.000000 0.371067
312.000000 0.371101
314.000000 0.371132
316.000000 0.371162
318.000000 0.371190
320.000000 0.371216
322.000000 0.371240
324.000000 0.371262
326.000000 0.371282
328.000000 0.371301
330.000000 0.371318
332.000000 0.371334
334.000000 0.371348
336.000000 0.371360
338.000000 0.371372
340.000000 0.371382
342.000000 0.371392
344.000000 0.371400
346.000000 0.371408
348.000000 0.371414
350.000000 0.371420
352.000000 0.371425
354.000000 0.371430
356.000000 0.371434
358.000000 0.371437
360.000000 0.371440
362.000000 0.371443
364.000000 0.371445
366.000000 0.371447
368.000000 0.371449
370.000000 0.371450
372.000000 0.371452
374.000000 0.371453
376.000000 0.371454
378.000000 0.371454
380.000000 0.371455
382.000000 0.371456
384.000000 0.371456
386.000000 0.371457
388.000000 0.371457
390.000000 0.371457
392.000000 0.371457
394.000000 0.371458
396.000000 0.371458
398.000000 0.371458
400.000000 0.371458
402.000000 0.371458
404.000000 0.371458
406.000000 0.371458
408.000000 0.371458
410.000000 0.371458
412.000000 0.371458
414.000000 0.371458
416.000000 0.371458
418.000000 0.371458
420.000000 0.371458
422.000000 0.371458
424.000000 0.371458
426.000000 0.371458
428.000000 0.371458
430.000000 0.371458
432.000000 0.371458
434.000000 0.371458
436.000000 0.371458
438.000000 0.371458
440.000000 0.371458
442.000000 0.371458
444.000000 0.371458
446.000000 0.371458
448.000000 0.371458
450.000000 0.371458
452.000000 0.371458
454.000000 0.371458
456.000000 0.371458
458.000000 0.371458
460.000000 0.371458
462.000000 0.371458
464.000000 0.371458
466.000000 0.371458
468.000000 0.371458
470.000000 0.371458
472.000000 0.371458
474.000000 0.371458
476.000000 0.371458
478.000000 0.371460
480.000000 0.371468
482.000000 0.371485
484.000000 0.371513
486.000000 0.371555
488.000000 0.371613
490.000000 0.371685
492.000000 0.371773
494.000000 0.371874
496.000000 0.371986
498.000000 0.372107
500.000000 0.372234
502.000000 0.372362
504.000000 0.372490
506.000000 0.372613
508.000000 0.372730
510.000000 0.372837
512.000000 0.372933
514.000000 0.373016
516.000000 0.373086
518.000000 0.373142
520.000000 0.373184
522.000000 0.373213
524.000000 0.373229
526.000000 0.373235
528.000000 0.373229
530.000000 0.373215
532.000000 0.373194
534.000000 0.373166
536.000000 0.373133
538.000000 0.373096
540.000000 0.373056
542.000000 0.373014
544.000000 0.372971
546.000000 0.372928
548.000000 0.372884
550.000000 0.372841
552.000000 0.372800
554.000000 0.372759
556.000000 0.372720
558.000000 0.372683
560.000000 0.372647
562.000000 0.372613
564.000000 0.372582
566.000000 0.372552
568.000000 0.372524
570.000000 0.372498
572.000000 0.372474
574.000000 0.372452
576.000000 0.372432
578.000000 0.372413
580.000000 0.372396
582.000000 0.372381
584.000000 0.372366
586.000000 0.372354
588.000000 0.372342
590.000000 0.372332
592.000000 0.372322
594.000000 0.372314
596.000000 0.372307
598.000000 0.372300
600.000000 0.372294
602.000000 0.372289
604.000000 0.372284
606.000000 0.372280
608.000000 0.372277
610.000000 0.372274
612.000000 0.372271
614.000000 0.372269
616.000000 0.372267
618.000000 0.372265
620.000000 0.372264
622.000000 0.372262
624.000000 0.372261
626.000000 0.372260
628.000000 0.372260
630.000000 0.372259
632.000000 0.372258
634.000000 0.372258
636.000000 0.372258
638.000000 0.372257
640.000000 0.372257
642.000000 0.372257
644.000000 0.372257
646.000000 0.372256
648.000000 0.372256
650.000000 0.372256
652.000000 0.372256
654.000000 0.372256
656.000000 0.372256
658.000000 0.372256
660.000000 0.372256
662.000000 0.372256
664.000000 0.372256
666.000000 0.372256
668.000000 0.372256
670.000000 0.372256
672.000000 0.372256
674.000000 0.372256
676.000000 0.372256
678.000000 0.372256
680.000000 0.372256
682.000000 0.372256
684.000000 0.372256
686.000000 0.372256
688.000000 0.372256
690.000000 0.372256
692.000000 0.372256
694.000000 0.372256
696.000000 0.372256
698.000000 0.372256
700.000000 0.372256
702.000000 0.372256
704.000000 0.372256
706.000000 0.372256
708.000000 0.372256
710.000000 0.372256
712.000000 0.372256
714.000000 0.372256
716.000000 0.372256
718.000000 0.372256
720.000000 0.372256
722.000000 0.372256
724.000000 0.372256
726.000000 0.372256
728.000000 0.372254
730.000000 0.372246
732.000000 0.372230
734.000000 0.372201
736.000000 0.372159
738.000000 0.372101
740.000000 0.372029
742.000000 0.371941
744.000000 0.371840
746.000000 0.371728
748.000000 0.371607
750.000000 0.371480
752.000000 0.371352
754.000000 0.371224
756.000000 0.371101
758.000000 0.370984
760.000000 0.370877
762.000000 0.370781
764.000000 0.370698
766.000000 0.370628
768.000000 0.370572
770.000000 0.370530
772.000000 0.370501
774.000000 0.370485
776.000000 0.370479
778.000000 0.370485
780.000000 0.370499
782.000000 0.370520
784.000000 0.370548
786.000000 0.370581
788.000000 0.370618
790.000000 0.370658
792.000000 0.370700
794.000000 0.370743
796.000000 0.370786
798.000000 0.370830
800.000000 0.370873
802.000000 0.370914
804.000000 0.370955
806.000000 0.370994
808.000000 0.371031
810.000000 0.371067
812.000000 0.371101
814.000000 0.371132
816.000000 0.371162
818.000000 0.371190
820.000000 0.371216
822.000000 0.371240
824.000000 0.371262
826.000000 0.371282
828.000000 0.371301
830.000000 0.371318
832.000000 0.371334
834.000000 0.371348
836.000000 0.371360
838.000000 0.371372
840.000000 0.371382
842.000000 0.371392
844.000000 0.371400
846.000000 0.371408
848.000000 0.371414
850.000000 0.371420
852.000000 0.371425
854.000000 0.371430
856.000000 0.371434
858.000000 0.371437
860.000000 0.371440
862.000000 0.371443
864.000000 0.371445
866.000000 0.371447
868.000000 0.371449
870.000000 0.371450
872.000000 0.371452
874.000000 0.371453
876.000000 0.371454
878.000000 0.371454
880.000000 0.371455
882.000000 0.371456
884.000000 0.371456
886.000000 0.371457
888.000000 0.371457
890.000000 0.371457
892.000000 0.371457
894.000000 0.371458
896.000000 0.371458
898.000000 0.371458
900.000000 0.371458
902.000000 0.371458
904.000000 0.371458
906.000000 0.371458
908.000000 0.371458
910.000000 0.371458
912.000000 0.371458
914.000000 0.371458
916.000000 0.371458
918.000000 0.371458
920.000000 0.371458
922.000000 0.371458
924.000000 0.371458
926.000000 0.371458
928.000000 0.371458
930.000000 0.371458
932.000000 0.371458
934.000000 0.371458
936.000000 0.371458
938.000000 0.371458
940.000000 0.371458
942.000000 0.371458
944.000000 0.371458
946.000000 0.371458
948.000000 0.371458
950.000000 0.371458
952.000000 0.371458
954.000000 0.371458
956.000000 0.371458
958.000000 0.371458
960.000000 0.371458
962.000000 0.371458
964.000000 0.371458
966.000000 0.371458
968.000000 0.371458
970.000000 0.371458
972.000000 0.371458
974.000000 0.371458
976.000000 0.371458
978.000000 0.371460
980.000000 0.371468
982.000000 0.371485
984.000000 0.371513
986.000000 0.371555
988.000000 0.371613
990.000000 0.371685
992.000000 0.371773
994.000000 0.371874
996.000000 0.371986
998.000000 0.372107
1000.000000 0.372234
1002.000000 0.372362
1004.000000 0.372490
1006.000000 0.372613
1008.000000 0.372730
1010.000000 0.372837
1012.000000 0.372933
1014.000000 0.373016
1016.000000 0.373086
1018.000000 0.373142
1020.000000 0.373184
1022.000000 0.373213
