null
0.000000 0.590217
2.000000 0.590217
4.000000 0.590217
6.000000 0.590217
8.000000 0.590217
10.000000 0.590217
12.000000 0.590217
14.000000 0.590217
16.000000 0.590217
18.000000 0.590217
20.000000 0.590217
22.000000 0.590217
24.000000 0.590217
26.000000 0.590217
28.000000 0.590217
30.000000 0.590217
32.000000 0.590217
34.000000 0.590217
36.000000 0.590217
38.000000 0.590217
40.000000 0.590217
42.000000 0.590217
44.000000 0.590217
46.000000 0.590217
48.000000 0.590217
50.000000 0.590217
52.000000 0.590217
54.000000 0.590217
56.000000 0.590217
58.000000 0.590217
60.000000 0.590217
62.000000 0.590217
64.000000 0.590217
66.000000 0.590217
68.000000 0.590217
70.000000 0.590217
72.000000 0.590217
74.000000 0.590217
76.000000 0.590217
78.000000 0.590217
80.000000 0.590217
82.000000 0.590217
84.000000 0.590217
86.000000 0.590217
88.000000 0.590217
90.000000 0.590217
92.000000 0.590217
94.000000 0.590217
96.000000 0.590217
98.000000 0.590217
100.000000 0.590217
102.000000 0.590217
104.000000 0.590217
106.000000 0.590217
108.000000 0.590217
110.000000 0.590217
112.000000 0.590217
114.000000 0.590217
116.000000 0.590217
118.000000 0.590217
120.000000 0.590217
122.000000 0.590217
124.000000 0.590217
126.000000 0.590217
128.000000 0.590217
130.000000 0.590217
132.000000 0.590217
134.000000 0.590217
136.000000 0.590217
138.000000 0.590217
140.000000 0.590217
142.000000 0.590217
144.000000 0.590217
146.000000 0.590217
148.000000 0.590217
150.000000 0.590217
152.000000 0.590217
154.000000 0.590217
156.000000 0.590217
158.000000 0.590217
160.000000 0.590217
162.000000 0.590217
164.000000 0.590217
166.000000 0.590217
168.000000 0.590217
170.000000 0.590217
172.000000 0.590217
174.000000 0.590217
176.000000 0.590217
178.000000 0.590217
180.000000 0.590217
182.000000 0.590217
184.000000 0.590217
186.000000 0.590217
188.000000 0.590217
190.000000 0.590217
192.000000 0.590217
194.000000 0.590217
196.000000 0.590217
198.000000 0.590217
200.000000 0.590217
202.000000 0.590217
204.000000 0.590217
206.000000 0.590217
208.000000 0.590217
210.000000 0.590217
212.000000 0.590217
214.000000 0.590217
216.000000 0.590217
218.000000 0.590217
220.000000 0.590217
222.000000 0.590217
224.000000 0.590217
226.000000 0.590217
228.000000 0.590217
230.000000 0.590217
232.000000 0.590217
234.000000 0.590217
236.000000 0.590217
238.000000 0.590217
240.000000 0.590217
242.000000 0.590217
244.000000 0.590217
246.000000 0.590217
248.000000 0.590217
250.000000 0.590217
252.000000 0.590217
254.000000 0.590217
256.000000 0.590217
258.000000 0.590217
260.000000 0.590217
262.000000 0.590217
264.000000 0.590217
266.000000 0.590217
268.000000 0.590217
270.000000 0.590217
272.000000 0.590217
274.000000 0.590217
276.000000 0.590217
278.000000 0.590217
280.000000 0.590217
282.000000 0.590217
284.000000 0.590217
286.000000 0.590217
288.000000 0.590217
290.000000 0.590217
292.000000 0.590217
294.000000 0.590217
296.000000 0.590217
298.000000 0.590217
300.000000 0.590217
302.000000 0.590588
304.000000 0.592046
306.000000 0.595240
308.000000 0.600710
310.000000 0.608851
312.000000 0.619897
314.000000 0.633907
316.000000 0.650768
318.000000 0.670208
320.000000 0.691816
322.000000 0.715074
324.000000 0.739391
326.000000 0.764140
328.000000 0.788689
330.000000 0.812442
332.000000 0.834859
334.000000 0.855479
336.000000 0.873935
338.000000 0.889961
340.000000 0.903394
342.000000 0.914165
344.000000 0.922294
346.000000 0.927874
348.000000 0.931058
350.000000 0.932047
352.000000 0.931071
354.000000 0.928376
356.000000 0.924216
358.000000 0.918839
360.000000 0.912484
362.000000 0.905370
364.000000 0.897699
366.000000 0.889647
368.000000 0.881370
370.000000 0.873001
372.000000 0.864651
374.000000 0.856413
376.000000 0.848361
378.000000 0.840554
380.000000 0.833038
382.000000 0.825848
384.000000 0.819008
386.000000 0.812533
388.000000 0.806433
390.000000 0.800711
392.000000 0.795367
394.000000 0.790393
396.000000 0.785783
398.000000 0.781524
400.000000 0.777604
402.000000 0.774009
404.000000 0.770722
406.000000 0.767727
408.000000 0.765006
410.000000 0.762544
412.000000 0.760321
414.000000 0.758322
416.000000 0.756529
418.000000 0.754927
420.000000 0.753498
422.000000 0.752229
424.000000 0.751104
426.000000 0.750111
428.000000 0.749237
430.000000 0.748470
432.000000 0.747798
434.000000 0.747211
436.000000 0.746701
438.000000 0.746259
440.000000 0.745876
442.000000 0.745546
444.000000 0.745262
446.000000 0.745018
448.000000 0.744810
450.000000 0.744632
452.000000 0.744481
454.000000 0.744353
456.000000 0.744245
458.000000 0.744154
460.000000 0.744077
462.000000 0.744013
464.000000 0.743959
466.000000 0.743914
468.000000 0.743877
470.000000 0.743846
472.000000 0.743821
474.000000 0.743800
476.000000 0.743782
478.000000 0.743768
480.000000 0.743756
482.000000 0.743747
484.000000 0.743739
486.000000 0.743733
488.000000 0.743728
490.000000 0.743724
492.000000 0.743721
494.000000 0.743718
496.000000 0.743716
498.000000 0.743714
500.000000 0.743714
502.000000 0.743714
504.000000 0.743714
506.000000 0.743714
508.000000 0.743714
510.000000 0.743714
512.000000 0.743714
514.000000 0.743714
516.000000 0.743714
518.000000 0.743714
520.000000 0.743714
522.000000 0.743714
524.000000 0.743714
526.000000 0.743714
528.000000 0.743714
530.000000 0.743714
532.000000 0.743714
534.000000 0.743714
536.000000 0.743714
538.000000 0.743714
540.000000 0.743714
542.000000 0.743714
544.000000 0.743714
546.000000 0.743714
548.000000 0.743714
550.000000 0.743714
552.000000 0.743344
554.000000 0.741885
556.000000 0.738691
558.000000 0.733222
560.000000 0.725081
562.000000 0.714035
564.000000 0.700024
566.000000 0.683163
568.000000 0.663723
570.000000 0.642115
572.000000 0.618857
574.000000 0.594540
576.000000 0.569792
578.000000 0.545242
580.000000 0.521489
582.000000 0.499073
584.000000 0.478453
586.000000 0.459997
588.000000 0.443970
590.000000 0.430537
592.000000 0.419766
594.000000 0.411637
596.000000 0.406058
598.000000 0.402873
600.000000 0.401884
602.000000 0.402861
604.000000 0.405555
606.000000 0.409716
608.000000 0.415092
610.000000 0.421448
612.000000 0.428561
614.000000 0.436233
616.000000 0.444285
618.000000 0.452562
620.000000 0.460931
622.000000 0.469281
624.000000 0.477519
626.000000 0.485571
628.000000 0.493378
630.000000 0.500893
632.000000 0.508083
634.000000 0.514924
636.000000 0.521399
638.000000 0.527498
640.000000 0.533220
642.000000 0.538565
644.000000 0.543538
646.000000 0.548149
648.000000 0.552407
650.000000 0.556327
652.000000 0.559923
654.000000 0.563210
656.000000 0.566205
658.000000 0.568925
660.000000 0.571388
662.000000 0.573610
664.000000 0.575609
666.000000 0.577402
668.000000 0.579005
670.000000 0.580433
672.000000 0.581703
674.000000 0.582827
676.000000 0.583820
678.000000 0.584694
680.000000 0.585462
682.000000 0.586134
684.000000 0.586720
686.000000 0.587230
688.000000 0.587673
690.000000 0.588056
692.000000 0.588386
694.000000 0.588670
696.000000 0.588914
698.000000 0.589122
700.000000 0.589299
702.000000 0.589450
704.000000 0.589578
706.000000 0.589687
708.000000 0.589778
710.000000 0.589855
712.000000 0.589919
714.000000 0.589973
716.000000 0.590017
718.000000 0.590055
720.000000 0.590085
722.000000 0.590111
724.000000 0.590132
726.000000 0.590149
728.000000 0.590163
730.000000 0.590175
732.000000 0.590184
734.000000 0.590192
736.000000 0.590198
738.000000 0.590203
740.000000 0.590208
742.000000 0.590211
744.000000 0.590213
746.000000 0.590216
748.000000 0.590217
750.000000 0.590217
752.000000 0.590217
754.000000 0.590217
756.000000 0.590217
758.000000 0.590217
760.000000 0.590217
762.000000 0.590217
764.000000 0.590217
766.000000 0.590217
768.000000 0.590217
770.000000 0.590217
772.000000 0.590217
774.000000 0.590217
776.000000 0.590217
778.000000 0.590217
780.000000 0.590217
782.000000 0.590217
784.000000 0.590217
786.000000 0.590217
788.000000 0.590217
790.000000 0.590217
792.000000 0.590217
794.000000 0.590217
796.000000 0.590217
798.000000 0.590217
800.000000 0.590217
802.000000 0.590217
804.000000 0.590217
806.000000 0.590217
808.000000 0.590217
810.000000 0.590217
812.000000 0.590217
814.000000 0.590217
816.000000 0.590217
818.000000 0.590217
820.000000 0.590217
822.000000 0.590217
824.000000 0.590217
826.000000 0.590217
828.000000 0.590217
830.000000 0.590217
832.000000 0.590217
834.000000 0.590217
836.000000 0.590217
838.000000 0.590217
840.000000 0.590217
842.000000 0.590217
844.000000 0.590217
846.000000 0.590217
848.000000 0.590217
850.000000 0.590217
852.000000 0.590217
854.000000 0.590217
856.000000 0.590217
858.000000 0.590217
860.000000 0.590217
862.000000 0.590217
864.000000 0.590217
866.000000 0.590217
868.000000 0.590217
870.000000 0.590217
872.000000 0.590217
874.000000 0.590217
876.000000 0.590217
878.000000 0.590217
880.000000 0.590217
882.000000 0.590217
884.000000 0.590217
886.000000 0.590217
888.000000 0.590217
890.000000 0.590217
892.000000 0.590217
894.000000 0.590217
896.000000 0.590217
898.000000 0.590217
900.000000 0.590217
902.000000 0.590217
904.000000 0.590217
906.000000 0.590217
908.000000 0.590217
910.000000 0.590217
912.000000 0.590217
914.000000 0.590217
916.000000 0.590217
918.000000 0.590217
920.000000 0.590217
922.000000 0.590217
924.000000 0.590217
926.000000 0.590217
928.000000 0.590217
930.000000 0.590217
932.000000 0.590217
934.000000 0.590217
936.000000 0.590217
938.000000 0.590217
940.000000 0.590217
942.000000 0.590217
944.000000 0.590217
946.000000 0.590217
948.000000 0.590217
950.000000 0.590217
952.000000 0.590217
954.000000 0.590217
956.000000 0.590217
958.000000 0.590217
960.000000 0.590217
962.000000 0.590217
964.000000 0.590217
966.000000 0.590217
968.000000 0.590217
970.000000 0.590217
972.000000 0.590217
974.000000 0.590217
976.000000 0.590217
978.000000 0.590217
980.000000 0.590217
982.000000 0.590217
984.000000 0.590217
986.000000 0.590217
988.000000 0.590217
990.000000 0.590217
992.000000 0.590217
994.000000 0.590217
996.000000 0.590217
998.000000 0.590217
1000.000000 0.590217
1002.000000 0.590217
1004.000000 0.590217
1006.000000 0.590217
1008.000000 0.590217
1010.000000 0.590217
1012.000000 0.590217
1014.000000 0.590217
1016.000000 0.590217
1018.000000 0.590217
1020.000000 0.590217
1022.000000 0.590217
