cone=1
0.000000 0.373315
2.000000 0.373315
4.000000 0.373315
6.000000 0.373315
8.000000 0.373315
10.000000 0.373315
12.000000 0.373315
14.000000 0.373315
16.000000 0.373315
18.000000 0.373315
20.000000 0.373315
22.000000 0.373315
24.000000 0.373315
26.000000 0.373315
28.000000 0.373315
30.000000 0.373315
32.000000 0.373315
34.000000 0.373315
36.000000 0.373315
38.000000 0.373315
40.000000 0.373315
42.000000 0.373315
44.000000 0.373315
46.000000 0.373315
48.000000 0.373315
50.000000 0.373315
52.000000 0.373315
54.000000 0.373315
56.000000 0.373315
58.000000 0.373315
60.000000 0.373315
62.000000 0.373315
64.000000 0.373315
66.000000 0.373315
68.000000 0.373315
70.000000 0.373315
72.000000 0.373315
74.000000 0.373315
76.000000 0.373315
78.000000 0.373315
80.000000 0.373315
82.000000 0.373315
84.000000 0.373315
86.000000 0.373315
88.000000 0.373315
90.000000 0.373315
92.000000 0.373315
94.000000 0.373315
96.000000 0.373315
98.000000 0.373315
100.000000 0.373315
102.000000 0.373315
104.000000 0.373315
106.000000 0.373315
108.000000 0.373315
110.000000 0.373315
112.000000 0.373315
114.000000 0.373315
116.000000 0.373315
118.000000 0.373315
120.000000 0.373315
122.000000 0.373315
124.000000 0.373315
126.000000 0.373315
128.000000 0.373315
130.000000 0.373315
132.000000 0.373315
134.000000 0.373315
136.000000 0.373315
138.000000 0.373315
140.000000 0.373315
142.000000 0.373315
144.000000 0.373315
146.000000 0.373315
148.000000 0.373315
150.000000 0.373315
152.000000 0.373315
154.000000 0.373315
156.000000 0.373315
158.000000 0.373315
160.000000 0.373315
162.000000 0.373315
164.000000 0.373315
166.000000 0.373315
168.000000 0.373315
170.000000 0.373315
172.000000 0.373315
174.000000 0.373315
176.000000 0.373315
178.000000 0.373315
180.000000 0.373315
182.000000 0.373315
184.000000 0.373315
186.000000 0.373315
188.000000 0.373315
190.000000 0.373315
192.000000 0.373315
194.000000 0.373315
196.000000 0.373315
198.000000 0.373315
200.000000 0.373315
202.000000 0.373315
204.000000 0.373315
206.000000 0.373315
208.000000 0.373315
210.000000 0.373315
212.000000 0.373315
214.000000 0.373315
216.000000 0.373315
218.000000 0.373315
220.000000 0.373315
222.000000 0.373315
224.000000 0.373315
226.000000 0.373315
228.000000 0.373315
230.000000 0.373315
232.000000 0.373315
234.000000 0.373315
236.000000 0.373315
238.000000 0.373315
240.000000 0.373315
242.000000 0.373315
244.000000 0.373315
246.000000 0.373315
248.000000 0.373315
250.000000 0.373315
252.000000 0.373311
254.000000 0.373293
256.000000 0.373254
258.000000 0.373188
260.000000 0.373090
262.000000 0.372956
264.000000 0.372787
266.000000 0.372583
268.000000 0.372347
270.000000 0.372086
272.000000 0.371805
274.000000 0.371511
276.000000 0.371211
278.000000 0.370914
280.000000 0.370627
282.000000 0.370356
284.000000 0.370106
286.000000 0.369883
288.000000 0.369689
290.000000 0.369526
292.000000 0.369396
294.000000 0.369298
296.000000 0.369230
298.000000 0.369192
300.000000 0.369180
302.000000 0.369192
304.000000 0.369224
306.000000 0.369274
308.000000 0.369340
310.000000 0.369416
312.000000 0.369503
314.000000 0.369595
316.000000 0.369693
318.000000 0.369793
320.000000 0.369894
322.000000 0.369995
324.000000 0.370095
326.000000 0.370192
328.000000 0.370287
330.000000 0.370378
332.000000 0.370465
334.000000 0.370547
336.000000 0.370626
338.000000 0.370700
340.000000 0.370769
342.000000 0.370833
344.000000 0.370894
346.000000 0.370949
348.000000 0.371001
350.000000 0.371048
352.000000 0.371092
354.000000 0.371132
356.000000 0.371168
358.000000 0.371201
360.000000 0.371231
362.000000 0.371257
364.000000 0.371282
366.000000 0.371303
368.000000 0.371323
370.000000 0.371340
372.000000 0.371355
374.000000 0.371369
376.000000 0.371381
378.000000 0.371392
380.000000 0.371401
382.000000 0.371409
384.000000 0.371416
386.000000 0.371422
388.000000 0.371428
390.000000 0.371432
392.000000 0.371436
394.000000 0.371440
396.000000 0.371443
398.000000 0.371445
400.000000 0.371447
402.000000 0.371449
404.000000 0.371451
406.000000 0.371452
408.000000 0.371453
410.000000 0.371454
412.000000 0.371455
414.000000 0.371455
416.000000 0.371456
418.000000 0.371456
420.000000 0.371457
422.000000 0.371457
424.000000 0.371457
426.000000 0.371458
428.000000 0.371458
430.000000 0.371458
432.000000 0.371458
434.000000 0.371458
436.000000 0.371458
438.000000 0.371458
440.000000 0.371458
442.000000 0.371458
444.000000 0.371458
446.000000 0.371458
448.000000 0.371458
450.000000 0.371458
452.000000 0.371458
454.000000 0.371458
456.000000 0.371458
458.000000 0.371458
460.000000 0.371458
462.000000 0.371458
464.000000 0.371458
466.000000 0.371458
468.000000 0.371458
470.000000 0.371458
472.000000 0.371458
474.000000 0.371458
476.000000 0.371458
478.000000 0.371458
480.000000 0.371458
482.000000 0.371458
484.000000 0.371458
486.000000 0.371458
488.000000 0.371458
490.000000 0.371458
492.000000 0.371458
494.000000 0.371458
496.000000 0.371458
498.000000 0.371458
500.000000 0.371458
502.000000 0.371460
504.000000 0.371468
506.000000 0.371485
508.000000 0.371513
510.000000 0.371555
512.000000 0.371613
514.000000 0.371685
516.000000 0.371773
518.000000 0.371874
520.000000 0.371986
522.000000 0.372107
524.000000 0.372234
526.000000 0.372362
528.000000 0.372490
530.000000 0.372613
532.000000 0.372730
534.000000 0.372837
536.000000 0.372933
538.000000 0.373016
540.000000 0.373086
542.000000 0.373142
544.000000 0.373184
546.000000 0.373213
548.000000 0.373229
550.000000 0.373235
552.000000 0.373229
554.000000 0.373215
556.000000 0.373194
558.000000 0.373166
560.000000 0.373133
562.000000 0.373096
564.000000 0.373056
566.000000 0.373014
568.000000 0.372971
570.000000 0.372928
572.000000 0.372884
574.000000 0.372841
576.000000 0.372800
578.000000 0.372759
580.000000 0.372720
582.000000 0.372683
584.000000 0.372647
586.000000 0.372613
588.000000 0.372582
590.000000 0.372552
592.000000 0.372524
594.000000 0.372498
596.000000 0.372474
598.000000 0.372452
600.000000 0.372432
602.000000 0.372413
604.000000 0.372396
606.000000 0.372381
608.000000 0.372366
610.000000 0.372354
612.000000 0.372342
614.000000 0.372332
616.000000 0.372322
618.000000 0.372314
620.000000 0.372307
622.000000 0.372300
624.000000 0.372294
626.000000 0.372289
628.000000 0.372284
630.000000 0.372280
632.000000 0.372277
634.000000 0.372274
636.000000 0.372271
638.000000 0.372269
640.000000 0.372267
642.000000 0.372265
644.000000 0.372264
646.000000 0.372262
648.000000 0.372261
650.000000 0.372260
652.000000 0.372260
654.000000 0.372259
656.000000 0.372258
658.000000 0.372258
660.000000 0.372258
662.000000 0.372257
664.000000 0.372257
666.000000 0.372257
668.000000 0.372257
670.000000 0.372256
672.000000 0.372256
674.000000 0.372256
676.000000 0.372256
678.000000 0.372256
680.000000 0.372256
682.000000 0.372256
684.000000 0.372256
686.000000 0.372256
688.000000 0.372256
690.000000 0.372256
692.000000 0.372256
694.000000 0.372256
696.000000 0.372256
698.000000 0.372256
700.000000 0.372256
702.000000 0.372256
704.000000 0.372256
706.000000 0.372256
708.000000 0.372256
710.000000 0.372256
712.000000 0.372256
714.000000 0.372256
716.000000 0.372256
718.000000 0.372256
720.000000 0.372256
722.000000 0.372256
724.000000 0.372256
726.000000 0.372256
728.000000 0.372256
730.000000 0.372256
732.000000 0.372256
734.000000 0.372256
736.000000 0.372256
738.000000 0.372256
740.000000 0.372256
742.000000 0.372256
744.000000 0.372256
746.000000 0.372256
748.000000 0.372256
750.000000 0.372256
752.000000 0.372256
754.000000 0.372254
756.000000 0.372246
758.000000 0.372230
760.000000 0.372201
762.000000 0.372159
764.000000 0.372101
766.000000 0.372029
768.000000 0.371941
770.000000 0.371840
772.000000 0.371728
774.000000 0.371607
776.000000 0.371480
778.000000 0.371352
780.000000 0.371224
782.000000 0.371101
784.000000 0.370984
786.000000 0.370877
788.000000 0.370781
790.000000 0.370698
792.000000 0.370628
794.000000 0.370572
796.000000 0.370530
798.000000 0.370501
800.000000 0.370485
802.000000 0.370479
804.000000 0.370485
806.000000 0.370499
808.000000 0.370520
810.000000 0.370548
812.000000 0.370581
814.000000 0.370618
816.000000 0.370658
818.000000 0.370700
820.000000 0.370743
822.000000 0.370786
824.000000 0.370830
826.000000 0.370873
828.000000 0.370914
830.000000 0.370955
832.000000 0.370994
834.000000 0.371031
836.000000 0.371067
838.000000 0.371101
840.000000 0.371132
842.000000 0.371162
844.000000 0.371190
846.000000 0.371216
848.000000 0.371240
850.000000 0.371262
852.000000 0.371282
854.000000 0.371301
856.000000 0.371318
858.000000 0.371334
860.000000 0.371348
862.000000 0.371360
864.000000 0.371372
866.000000 0.371382
868.000000 0.371392
870.000000 0.371400
872.000000 0.371408
874.000000 0.371414
876.000000 0.371420
878.000000 0.371425
880.000000 0.371430
882.000000 0.371434
884.000000 0.371437
886.000000 0.371440
888.000000 0.371443
890.000000 0.371445
892.000000 0.371447
894.000000 0.371449
896.000000 0.371450
898.000000 0.371452
900.000000 0.371453
902.000000 0.371454
904.000000 0.371454
906.000000 0.371455
908.000000 0.371456
910.000000 0.371456
912.000000 0.371457
914.000000 0.371457
916.000000 0.371457
918.000000 0.371457
920.000000 0.371458
922.000000 0.371458
924.000000 0.371458
926.000000 0.371458
928.000000 0.371458
930.000000 0.371458
932.000000 0.371458
934.000000 0.371458
936.000000 0.371458
938.000000 0.371458
940.000000 0.371458
942.000000 0.371458
944.000000 0.371458
946.000000 0.371458
948.000000 0.371458
950.000000 0.371458
952.000000 0.371458
954.000000 0.371458
956.000000 0.371458
958.000000 0.371458
960.000000 0.371458
962.000000 0.371458
964.000000 0.371458
966.000000 0.371458
968.000000 0.371458
970.000000 0.371458
972.000000 0.371458
974.000000 0.371458
976.000000 0.371458
978.000000 0.371458
980.000000 0.371458
982.000000 0.371458
984.000000 0.371458
986.000000 0.371458
988.000000 0.371458
990.000000 0.371458
992.000000 0.371458
994.000000 0.371458
996.000000 0.371458
998.000000 0.371458
1000.000000 0.371458
1002.000000 0.371460
1004.000000 0.371468
1006.000000 0.371485
1008.000000 0.371513
1010.000000 0.371555
1012.000000 0.371613
1014.000000 0.371685
1016.000000 0.371773
1018.000000 0.371874
1020.000000 0.371986
1022.000000 0.372107
