null
0.000000 0.258343
2.000000 0.258343
4.000000 0.258343
6.000000 0.258343
8.000000 0.258343
10.000000 0.258343
12.000000 0.258343
14.000000 0.258343
16.000000 0.258343
18.000000 0.258343
20.000000 0.258343
22.000000 0.258343
24.000000 0.258343
26.000000 0.258343
28.000000 0.258343
30.000000 0.258343
32.000000 0.258343
34.000000 0.258343
36.000000 0.258343
38.000000 0.258343
40.000000 0.258343
42.000000 0.258343
44.000000 0.258343
46.000000 0.258343
48.000000 0.258343
50.000000 0.258343
52.000000 0.258343
54.000000 0.258343
56.000000 0.258343
58.000000 0.258343
60.000000 0.258343
62.000000 0.258343
64.000000 0.258343
66.000000 0.258343
68.000000 0.258343
70.000000 0.258343
72.000000 0.258343
74.000000 0.258343
76.000000 0.258343
78.000000 0.258343
80.000000 0.258343
82.000000 0.258343
84.000000 0.258343
86.000000 0.258343
88.000000 0.258343
90.000000 0.258343
92.000000 0.258343
94.000000 0.258343
96.000000 0.258343
98.000000 0.258343
100.000000 0.258343
102.000000 0.258343
104.000000 0.258343
106.000000 0.258343
108.000000 0.258343
110.000000 0.258343
112.000000 0.258343
114.000000 0.258343
116.000000 0.258343
118.000000 0.258343
120.000000 0.258343
122.000000 0.258343
124.000000 0.258343
126.000000 0.258343
128.000000 0.258343
130.000000 0.258343
132.000000 0.258343
134.000000 0.258343
136.000000 0.258343
138.000000 0.258343
140.000000 0.258343
142.000000 0.258343
144.000000 0.258343
146.000000 0.258343
148.000000 0.258343
150.000000 0.258343
152.000000 0.258343
154.000000 0.258343
156.000000 0.258343
158.000000 0.258343
160.000000 0.258343
162.000000 0.258343
164.000000 0.258343
166.000000 0.258343
168.000000 0.258343
170.000000 0.258343
172.000000 0.258343
174.000000 0.258343
176.000000 0.258343
178.000000 0.258343
180.000000 0.258343
182.000000 0.258343
184.000000 0.258343
186.000000 0.258343
188.000000 0.258343
190.000000 0.258343
192.000000 0.258343
194.000000 0.258343
196.000000 0.258343
198.000000 0.258343
200.000000 0.258343
202.000000 0.258343
204.000000 0.258343
206.000000 0.258343
208.000000 0.258343
210.000000 0.258343
212.000000 0.258343
214.000000 0.258343
216.000000 0.258343
218.000000 0.258343
220.000000 0.258343
222.000000 0.258343
224.000000 0.258343
226.000000 0.258343
228.000000 0.258343
230.000000 0.258343
232.000000 0.258343
234.000000 0.258343
236.000000 0.258343
238.000000 0.258343
240.000000 0.258343
242.000000 0.258343
244.000000 0.258343
246.000000 0.258343
248.000000 0.258343
250.000000 0.258343
252.000000 0.258808
254.000000 0.260638
256.000000 0.264648
258.000000 0.271514
260.000000 0.281732
262.000000 0.295598
264.000000 0.313184
266.000000 0.334349
268.000000 0.358751
270.000000 0.385874
272.000000 0.415069
274.000000 0.445593
276.000000 0.476658
278.000000 0.507475
280.000000 0.537291
282.000000 0.565429
284.000000 0.591311
286.000000 0.614478
288.000000 0.634596
290.000000 0.651457
292.000000 0.664978
294.000000 0.675181
296.000000 0.682185
298.000000 0.686182
300.000000 0.687424
302.000000 0.686198
304.000000 0.682815
306.000000 0.677593
308.000000 0.670844
310.000000 0.662867
312.000000 0.653937
314.000000 0.644308
316.000000 0.634201
318.000000 0.623811
320.000000 0.613306
322.000000 0.602825
324.000000 0.592484
326.000000 0.582376
328.000000 0.572577
330.000000 0.563143
332.000000 0.554118
334.000000 0.545531
336.000000 0.537404
338.000000 0.529747
340.000000 0.522565
342.000000 0.515856
344.000000 0.509613
346.000000 0.503826
348.000000 0.498480
350.000000 0.493560
352.000000 0.489046
354.000000 0.484920
356.000000 0.481161
358.000000 0.477746
360.000000 0.474655
362.000000 0.471865
364.000000 0.469356
366.000000 0.467105
368.000000 0.465094
370.000000 0.463300
372.000000 0.461707
374.000000 0.460296
376.000000 0.459049
378.000000 0.457952
380.000000 0.456988
382.000000 0.456145
384.000000 0.455409
386.000000 0.454769
388.000000 0.454213
390.000000 0.453733
392.000000 0.453318
394.000000 0.452962
396.000000 0.452656
398.000000 0.452394
400.000000 0.452171
402.000000 0.451982
404.000000 0.451821
406.000000 0.451685
408.000000 0.451571
410.000000 0.451475
412.000000 0.451394
414.000000 0.451327
416.000000 0.451270
418.000000 0.451224
420.000000 0.451185
422.000000 0.451153
424.000000 0.451126
426.000000 0.451105
428.000000 0.451087
430.000000 0.451072
432.000000 0.451061
434.000000 0.451051
436.000000 0.451043
438.000000 0.451037
440.000000 0.451032
442.000000 0.451028
444.000000 0.451024
446.000000 0.451022
448.000000 0.451019
450.000000 0.451019
452.000000 0.451019
454.000000 0.451019
456.000000 0.451019
458.000000 0.451019
460.000000 0.451019
462.000000 0.451019
464.000000 0.451019
466.000000 0.451019
468.000000 0.451019
470.000000 0.451019
472.000000 0.451019
474.000000 0.451019
476.000000 0.451019
478.000000 0.451019
480.000000 0.451019
482.000000 0.451019
484.000000 0.451019
486.000000 0.451019
488.000000 0.451019
490.000000 0.451019
492.000000 0.451019
494.000000 0.451019
496.000000 0.451019
498.000000 0.451019
500.000000 0.451019
502.000000 0.450084
504.000000 0.446404
506.000000 0.438342
508.000000 0.424540
510.000000 0.403995
512.000000 0.376119
514.000000 0.340762
516.000000 0.298210
518.000000 0.249151
520.000000 0.194620
522.000000 0.135925
524.000000 0.074557
526.000000 0.012101
528.000000 -0.049854
530.000000 -0.109798
532.000000 -0.166369
534.000000 -0.218406
536.000000 -0.264982
538.000000 -0.305428
540.000000 -0.339328
542.000000 -0.366510
544.000000 -0.387024
546.000000 -0.401105
548.000000 -0.409142
550.000000 -0.411638
552.000000 -0.409173
554.000000 -0.402372
556.000000 -0.391873
558.000000 -0.378305
560.000000 -0.362266
562.000000 -0.344314
564.000000 -0.324953
566.000000 -0.304633
568.000000 -0.283745
570.000000 -0.262625
572.000000 -0.241553
574.000000 -0.220762
576.000000 -0.200442
578.000000 -0.180740
580.000000 -0.161774
582.000000 -0.143628
584.000000 -0.126365
586.000000 -0.110026
588.000000 -0.094632
590.000000 -0.080192
592.000000 -0.066704
594.000000 -0.054153
596.000000 -0.042518
598.000000 -0.031771
600.000000 -0.021878
602.000000 -0.012805
604.000000 -0.004509
606.000000 0.003049
608.000000 0.009914
610.000000 0.016129
612.000000 0.021737
614.000000 0.026783
616.000000 0.031307
618.000000 0.035352
620.000000 0.038957
622.000000 0.042160
624.000000 0.044998
626.000000 0.047504
628.000000 0.049710
630.000000 0.051647
632.000000 0.053343
634.000000 0.054822
636.000000 0.056110
638.000000 0.057227
640.000000 0.058193
642.000000 0.059026
644.000000 0.059743
646.000000 0.060358
648.000000 0.060883
650.000000 0.061331
652.000000 0.061712
654.000000 0.062036
656.000000 0.062309
658.000000 0.062539
660.000000 0.062732
662.000000 0.062895
664.000000 0.063030
666.000000 0.063143
668.000000 0.063237
670.000000 0.063315
672.000000 0.063380
674.000000 0.063433
676.000000 0.063476
678.000000 0.063512
680.000000 0.063541
682.000000 0.063565
684.000000 0.063585
686.000000 0.063600
688.000000 0.063613
690.000000 0.063623
692.000000 0.063632
694.000000 0.063638
696.000000 0.063643
698.000000 0.063648
700.000000 0.063648
702.000000 0.063648
704.000000 0.063648
706.000000 0.063648
708.000000 0.063648
710.000000 0.063648
712.000000 0.063648
714.000000 0.063648
716.000000 0.063648
718.000000 0.063648
720.000000 0.063648
722.000000 0.063648
724.000000 0.063648
726.000000 0.063648
728.000000 0.063648
730.000000 0.063648
732.000000 0.063648
734.000000 0.063648
736.000000 0.063648
738.000000 0.063648
740.000000 0.063648
742.000000 0.063648
744.000000 0.063648
746.000000 0.063648
748.000000 0.063648
750.000000 0.063648
752.000000 0.063648
754.000000 0.064583
756.000000 0.068263
758.000000 0.076325
760.000000 0.090127
762.000000 0.110672
764.000000 0.138548
766.000000 0.173905
768.000000 0.216457
770.000000 0.265516
772.000000 0.320047
774.000000 0.378742
776.000000 0.440111
778.000000 0.502566
780.000000 0.564521
782.000000 0.624465
784.000000 0.681036
786.000000 0.733073
788.000000 0.779649
790.000000 0.820095
792.000000 0.853995
794.000000 0.881177
796.000000 0.901691
798.000000 0.915772
800.000000 0.923809
802.000000 0.926304
804.000000 0.923840
806.000000 0.917039
808.000000 0.906540
810.000000 0.892972
812.000000 0.876933
814.000000 0.858981
816.000000 0.839620
818.000000 0.819300
820.000000 0.798412
822.000000 0.777292
824.000000 0.756220
826.000000 0.735429
828.000000 0.715109
830.000000 0.695407
832.000000 0.676441
834.000000 0.658295
836.000000 0.641032
838.000000 0.624692
840.000000 0.609299
842.000000 0.594859
844.000000 0.581371
846.000000 0.568820
848.000000 0.557185
850.000000 0.546437
852.000000 0.536545
854.000000 0.527472
856.000000 0.519176
858.000000 0.511618
860.000000 0.504753
862.000000 0.498538
864.000000 0.492930
866.000000 0.487885
868.000000 0.483360
870.000000 0.479315
872.000000 0.475710
874.000000 0.472507
876.000000 0.469670
878.000000 0.467164
880.000000 0.464957
882.000000 0.463020
884.000000 0.461324
886.000000 0.459845
888.000000 0.458557
890.000000 0.457440
892.000000 0.456474
894.000000 0.455641
896.000000 0.454924
898.000000 0.454309
900.000000 0.453784
902.000000 0.453336
904.000000 0.452955
906.000000 0.452632
908.000000 0.452359
910.000000 0.452128
912.000000 0.451935
914.000000 0.451773
916.000000 0.451637
918.000000 0.451524
920.000000 0.451430
922.000000 0.451352
924.000000 0.451288
926.000000 0.451235
928.000000 0.451191
930.000000 0.451155
932.000000 0.451126
934.000000 0.451102
936.000000 0.451083
938.000000 0.451067
940.000000 0.451054
942.000000 0.451044
944.000000 0.451036
946.000000 0.451029
948.000000 0.451024
950.000000 0.451019
952.000000 0.451019
954.000000 0.451019
956.000000 0.451019
958.000000 0.451019
960.000000 0.451019
962.000000 0.451019
964.000000 0.451019
966.000000 0.451019
968.000000 0.451019
970.000000 0.451019
972.000000 0.451019
974.000000 0.451019
976.000000 0.451019
978.000000 0.451019
980.000000 0.451019
982.000000 0.451019
984.000000 0.451019
986.000000 0.451019
988.000000 0.451019
990.000000 0.451019
992.000000 0.451019
994.000000 0.451019
996.000000 0.451019
998.000000 0.451019
1000.000000 0.451019
1002.000000 0.450084
1004.000000 0.446404
1006.000000 0.438342
1008.000000 0.424540
1010.000000 0.403995
1012.000000 0.376119
1014.000000 0.340762
1016.000000 0.298210
1018.000000 0.249151
1020.000000 0.194620
1022.000000 0.135925
