0.000000 0.258343
2.000000 0.258343
4.000000 0.258343
6.000000 0.258343
8.000000 0.258343
10.000000 0.258343
12.000000 0.258343
14.000000 0.258343
16.000000 0.258343
18.000000 0.258343
20.000000 0.258343
22.000000 0.258343
24.000000 0.258343
26.000000 0.258343
28.000000 0.258343
30.000000 0.258343
32.000000 0.258343
34.000000 0.258343
36.000000 0.258343
38.000000 0.258343
40.000000 0.258343
42.000000 0.258343
44.000000 0.258343
46.000000 0.258343
48.000000 0.258343
50.000000 0.258343
52.000000 0.258343
54.000000 0.258343
56.000000 0.258343
58.000000 0.258343
60.000000 0.258343
62.000000 0.258343
64.000000 0.258343
66.000000 0.258343
68.000000 0.258343
70.000000 0.258343
72.000000 0.258343
74.000000 0.258343
76.000000 0.258343
78.000000 0.258343
80.000000 0.258343
82.000000 0.258343
84.000000 0.258343
86.000000 0.258343
88.000000 0.258343
90.000000 0.258343
92.000000 0.258343
94.000000 0.258343
96.000000 0.258343
98.000000 0.258343
100.000000 0.258343
102.000000 0.258343
104.000000 0.258343
106.000000 0.258343
108.000000 0.258343
110.000000 0.258343
112.000000 0.258343
114.000000 0.258343
116.000000 0.258343
118.000000 0.258343
120.000000 0.258343
122.000000 0.258343
124.000000 0.258343
126.000000 0.258343
128.000000 0.258343
130.000000 0.258343
132.000000 0.258343
134.000000 0.258343
136.000000 0.258343
138.000000 0.258343
140.000000 0.258343
142.000000 0.258343
144.000000 0.258343
146.000000 0.258343
148.000000 0.258343
150.000000 0.258343
152.000000 0.258343
154.000000 0.258343
156.000000 0.258343
158.000000 0.258343
160.000000 0.258343
162.000000 0.258343
164.000000 0.258343
166.000000 0.258343
168.000000 0.258343
170.000000 0.258343
172.000000 0.258343
174.000000 0.258343
176.000000 0.258343
178.000000 0.258343
180.000000 0.258343
182.000000 0.258343
184.000000 0.258343
186.000000 0.258343
188.000000 0.258343
190.000000 0.258343
192.000000 0.258343
194.000000 0.258343
196.000000 0.258343
198.000000 0.258343
200.000000 0.258343
202.000000 0.258343
204.000000 0.258343
206.000000 0.258343
208.000000 0.258343
210.000000 0.258343
212.000000 0.258343
214.000000 0.258343
216.000000 0.258343
218.000000 0.258343
220.000000 0.258343
222.000000 0.258343
224.000000 0.258343
226.000000 0.258343
228.000000 0.258343
230.000000 0.258343
232.000000 0.258343
234.000000 0.258343
236.000000 0.258343
238.000000 0.258343
240.000000 0.258343
242.000000 0.258343
244.000000 0.258343
246.000000 0.258343
248.000000 0.258343
250.000000 0.258343
252.000000 0.258343
254.000000 0.258343
256.000000 0.258343
258.000000 0.258343
260.000000 0.258343
262.000000 0.258343
264.000000 0.258343
266.000000 0.258343
268.000000 0.258343
270.000000 0.258343
272.000000 0.258343
274.000000 0.258343
276.000000 0.258343
278.000000 0.258343
280.000000 0.258343
282.000000 0.258343
284.000000 0.258343
286.000000 0.258343
288.000000 0.258343
290.000000 0.258343
292.000000 0.258343
294.000000 0.258343
296.000000 0.258343
298.000000 0.258343
300.000000 0.258343
302.000000 0.257873
304.000000 0.256023
306.000000 0.251971
308.000000 0.245034
310.000000 0.234713
312.000000 0.220726
314.000000 0.203016
316.000000 0.181745
318.000000 0.157288
320.000000 0.130193
322.000000 0.101157
324.000000 0.070972
326.000000 0.040481
328.000000 0.010528
330.000000 -0.018086
332.000000 -0.044631
334.000000 -0.068485
336.000000 -0.089144
338.000000 -0.106244
340.000000 -0.119547
342.000000 -0.128948
344.000000 -0.134453
346.000000 -0.136167
348.000000 -0.134280
350.000000 -0.129046
352.000000 -0.120763
354.000000 -0.109758
356.000000 -0.096366
358.000000 -0.080924
360.000000 -0.063754
362.000000 -0.045157
364.000000 -0.025414
366.000000 -0.004778
368.000000 0.016527
370.000000 0.038302
372.000000 0.060375
374.000000 0.082597
376.000000 0.104840
378.000000 0.126995
380.000000 0.148971
382.000000 0.170693
384.000000 0.192096
386.000000 0.213128
388.000000 0.233749
390.000000 0.253921
392.000000 0.273618
394.000000 0.292819
396.000000 0.311505
398.000000 0.329669
400.000000 0.347300
402.000000 0.364396
404.000000 0.380953
406.000000 0.396970
408.000000 0.412448
410.000000 0.427385
412.000000 0.441782
414.000000 0.455641
416.000000 0.468966
418.000000 0.481757
420.000000 0.494014
422.000000 0.505738
424.000000 0.516931
426.000000 0.527592
428.000000 0.537719
430.000000 0.547308
432.000000 0.556357
434.000000 0.564865
436.000000 0.572828
438.000000 0.580242
440.000000 0.587105
442.000000 0.593415
444.000000 0.599173
446.000000 0.604379
448.000000 0.609037
450.000000 0.613147
452.000000 0.616710
454.000000 0.619726
456.000000 0.622194
458.000000 0.624116
460.000000 0.625496
462.000000 0.626338
464.000000 0.626647
466.000000 0.626429
468.000000 0.625688
470.000000 0.624429
472.000000 0.622654
474.000000 0.620373
476.000000 0.617589
478.000000 0.614307
480.000000 0.610535
482.000000 0.606275
484.000000 0.601532
486.000000 0.596308
488.000000 0.590612
490.000000 0.584445
492.000000 0.577814
494.000000 0.570725
496.000000 0.563183
498.000000 0.555196
500.000000 0.546777
502.000000 0.537943
504.000000 0.528710
506.000000 0.519087
508.000000 0.509091
510.000000 0.498738
512.000000 0.488041
514.000000 0.477014
516.000000 0.465674
518.000000 0.454038
520.000000 0.442121
522.000000 0.429941
524.000000 0.417516
526.000000 0.404860
528.000000 0.391987
530.000000 0.378914
532.000000 0.365656
534.000000 0.352231
536.000000 0.338659
538.000000 0.324965
540.000000 0.311166
542.000000 0.297283
544.000000 0.283338
546.000000 0.269354
548.000000 0.255355
550.000000 0.241363
552.000000 0.227400
554.000000 0.213490
556.000000 0.199653
558.000000 0.185904
560.000000 0.172261
562.000000 0.158740
564.000000 0.145362
566.000000 0.132145
568.000000 0.119106
570.000000 0.106258
572.000000 0.093623
574.000000 0.081219
576.000000 0.069065
578.000000 0.057181
580.000000 0.045585
582.000000 0.034290
584.000000 0.023313
586.000000 0.012667
588.000000 0.002367
590.000000 -0.007577
592.000000 -0.017149
594.000000 -0.026334
596.000000 -0.035119
598.000000 -0.043494
600.000000 -0.051443
602.000000 -0.058956
604.000000 -0.066023
606.000000 -0.072637
608.000000 -0.078785
610.000000 -0.084453
612.000000 -0.089630
614.000000 -0.094306
616.000000 -0.098471
618.000000 -0.102121
620.000000 -0.105250
622.000000 -0.107852
624.000000 -0.109925
626.000000 -0.111469
628.000000 -0.112485
630.000000 -0.112972
632.000000 -0.112934
634.000000 -0.112371
636.000000 -0.111284
638.000000 -0.109674
640.000000 -0.107546
642.000000 -0.104901
644.000000 -0.101742
646.000000 -0.098074
648.000000 -0.093899
650.000000 -0.089220
652.000000 -0.084040
654.000000 -0.078366
656.000000 -0.072207
658.000000 -0.065574
660.000000 -0.058479
662.000000 -0.050936
664.000000 -0.042957
666.000000 -0.034554
668.000000 -0.025740
670.000000 -0.016528
672.000000 -0.006936
674.000000 0.003022
676.000000 0.013330
678.000000 0.023975
680.000000 0.034938
682.000000 0.046202
684.000000 0.057750
686.000000 0.069565
688.000000 0.081631
690.000000 0.093934
692.000000 0.106454
694.000000 0.119179
696.000000 0.132094
698.000000 0.145185
700.000000 0.158435
702.000000 0.171829
704.000000 0.185350
706.000000 0.198983
708.000000 0.212707
710.000000 0.226508
712.000000 0.240369
714.000000 0.254269
716.000000 0.268191
718.000000 0.282117
720.000000 0.296022
722.000000 0.309889
724.000000 0.323695
726.000000 0.337417
728.000000 0.351035
730.000000 0.364527
732.000000 0.377871
734.000000 0.391045
736.000000 0.404027
738.000000 0.416795
740.000000 0.429329
742.000000 0.441611
744.000000 0.453621
746.000000 0.465341
748.000000 0.476759
750.000000 0.487859
752.000000 0.498629
754.000000 0.509054
756.000000 0.519123
758.000000 0.528821
760.000000 0.538130
762.000000 0.547039
764.000000 0.555535
766.000000 0.563606
768.000000 0.571244
770.000000 0.578439
772.000000 0.585180
774.000000 0.591456
776.000000 0.597261
778.000000 0.602584
780.000000 0.607414
782.000000 0.611743
784.000000 0.615563
786.000000 0.618872
788.000000 0.621665
790.000000 0.623942
792.000000 0.625698
794.000000 0.626927
796.000000 0.627627
798.000000 0.627801
800.000000 0.627448
802.000000 0.626567
804.000000 0.625156
806.000000 0.623217
808.000000 0.620757
810.000000 0.617780
812.000000 0.614288
814.000000 0.610287
816.000000 0.605783
818.000000 0.600787
820.000000 0.595309
822.000000 0.589357
824.000000 0.582937
826.000000 0.576057
828.000000 0.568725
830.000000 0.560954
832.000000 0.552753
834.000000 0.544134
836.000000 0.535109
838.000000 0.525694
840.000000 0.515902
842.000000 0.505746
844.000000 0.495240
846.000000 0.484395
848.000000 0.473224
850.000000 0.461742
852.000000 0.449969
854.000000 0.437920
856.000000 0.425613
858.000000 0.413068
860.000000 0.400303
862.000000 0.387332
864.000000 0.374174
866.000000 0.360847
868.000000 0.347370
870.000000 0.333759
872.000000 0.320035
874.000000 0.306216
876.000000 0.292325
878.000000 0.278384
880.000000 0.264412
882.000000 0.250430
884.000000 0.236462
886.000000 0.222526
888.000000 0.208643
890.000000 0.194835
892.000000 0.181121
894.000000 0.167520
896.000000 0.154053
898.000000 0.140736
900.000000 0.127586
902.000000 0.114619
904.000000 0.101852
906.000000 0.089302
908.000000 0.076984
910.000000 0.064918
912.000000 0.053119
914.000000 0.041604
916.000000 0.030389
918.000000 0.019488
920.000000 0.008921
922.000000 -0.001298
924.000000 -0.011155
926.000000 -0.020634
928.000000 -0.029718
930.000000 -0.038389
932.000000 -0.046633
934.000000 -0.054437
936.000000 -0.061787
938.000000 -0.068668
940.000000 -0.075069
942.000000 -0.080980
944.000000 -0.086394
946.000000 -0.091305
948.000000 -0.095710
950.000000 -0.099604
952.000000 -0.102983
954.000000 -0.105843
956.000000 -0.108179
958.000000 -0.109990
960.000000 -0.111276
962.000000 -0.112040
964.000000 -0.112283
966.000000 -0.112010
968.000000 -0.111223
970.000000 -0.109925
972.000000 -0.108120
974.000000 -0.105812
976.000000 -0.103006
978.000000 -0.099707
980.000000 -0.095921
982.000000 -0.091649
984.000000 -0.086896
986.000000 -0.081665
988.000000 -0.075962
990.000000 -0.069790
992.000000 -0.063155
994.000000 -0.056063
996.000000 -0.048518
998.000000 -0.040529
1000.000000 -0.032110
1002.000000 -0.023276
1004.000000 -0.014043
1006.000000 -0.004420
1008.000000 0.005576
1010.000000 0.015929
1012.000000 0.026626
1014.000000 0.037653
1016.000000 0.048993
1018.000000 0.060630
1020.000000 0.072546
1022.000000 0.084726
